30	28
1412	29
3352	477
5254	291
5543	263
7478	92
3	51
28	230
39	63
54	45
108	12
152	67
178	96
182	111
214	175
271	192
286	19
300	22
348	56
349	16
371	138
567	27
581	12
584	19
586	23
590	39
604	21
611	25
8283	10
25	90
6	314
8	217
19	57
23	92
29	179
33	56
35	159
50	43
55	120
75	95
80	98
86	218
94	103
127	150
154	76
192	43
224	29
226	44
246	23
252	38
255	104
257	32
261	31
273	19
280	98
282	130
299	158
302	36
306	263
308	172
310	268
322	43
325	70
339	98
356	59
358	12
363	20
370	45
373	20
377	28
379	21
407	274
415	69
422	16
428	22
439	75
488	26
514	20
545	67
549	65
560	46
592	27
600	275
645	24
650	112
659	58
664	39
667	53
673	46
675	26
696	38
706	118
723	25
739	60
756	64
857	115
864	20
893	53
959	84
994	72
1131	34
3755	121
8282	11
8284	10
4	29
10	99
38	27
56	168
130	33
140	50
147	72
151	107
232	44
243	86
341	60
606	18
5	23
61	20
89	45
93	18
153	19
163	23
167	12
168	33
175	20
34	23
132	55
135	42
171	115
183	27
216	29
219	18
227	31
228	48
236	55
250	22
258	17
259	126
274	29
285	67
290	194
298	48
301	14
304	115
317	173
319	212
359	7
362	11
378	17
390	13
391	34
392	5
394	19
396	24
402	50
405	41
406	55
421	10
427	28
431	21
432	202
433	12
435	18
440	22
447	44
538	10
564	30
566	15
579	85
589	18
609	22
613	18
616	17
617	11
619	9
643	83
656	54
665	103
668	19
691	43
694	5
700	20
704	129
717	15
730	77
733	55
741	38
761	80
765	100
779	14
789	378
791	51
798	46
802	23
813	302
820	33
826	268
863	37
871	99
881	21
885	25
895	54
897	20
904	163
906	18
907	39
913	33
922	191
932	28
936	24
955	25
960	81
963	41
966	32
971	110
972	36
978	147
979	22
983	6
991	21
993	353
995	18
1007	31
1014	60
1022	43
1026	189
1032	57
1035	75
1043	47
1055	217
1062	184
1125	61
1144	25
1152	22
1156	37
1160	44
1167	212
1168	22
1218	33
1220	13
1221	87
1222	45
1234	75
1241	60
1248	71
1253	106
1261	76
1297	352
1321	26
1326	22
1377	67
1389	28
1390	61
1394	38
1396	29
1428	255
1439	40
1441	62
1442	40
1446	18
1453	116
1464	60
1465	26
1468	52
1471	109
1472	5
1476	51
1478	13
1484	54
1485	19
1487	148
1489	100
1490	28
1497	76
1501	61
1506	72
1507	14
1513	28
1514	101
1518	28
1524	27
1525	81
1531	19
1532	11
1533	9
1538	134
1549	740
1555	116
1556	29
1557	12
1563	24
1569	34
1573	57
1587	30
1597	33
1610	33
1619	21
1641	41
1648	70
1652	29
1654	38
1657	8
1662	39
1669	22
1679	81
1689	17
1692	21
1701	157
1716	15
1718	63
1752	31
1758	51
1768	29
1774	61
1783	103
1787	55
1788	28
1798	31
1861	25
1864	46
1982	161
2409	16
2651	399
2843	11
2909	110
3892	94
4037	467
4134	39
4792	118
4942	9
5323	45
5697	311
6227	55
6330	80
6624	189
6765	52
6790	72
6965	2
7161	5
7632	178
8290	101
7	24
32	17
105	24
524	21
1190	42
1193	123
1425	46
1919	224
8287	42
36	253
49	36
144	29
150	52
389	10
506	32
587	53
607	12
622	12
624	16
627	15
628	18
631	17
636	40
637	51
657	18
658	26
674	29
677	37
681	23
687	12
715	51
719	32
725	24
749	97
760	22
778	25
806	15
810	63
817	67
822	26
844	73
866	17
868	22
875	17
878	35
882	22
938	36
977	24
1092	13
9	81
517	20
559	42
626	81
918	40
982	75
1049	74
1103	61
1384	87
1580	42
1618	28
1717	204
1855	114
1966	105
743	15
746	28
748	18
750	25
11	743
15	403
72	303
95	40
204	142
230	49
313	94
332	55
334	75
338	16
350	50
372	48
429	26
465	98
575	17
608	107
644	77
647	62
684	17
705	44
707	139
710	135
722	311
744	11
762	309
763	120
764	65
771	35
793	10
803	36
805	119
825	246
829	36
836	48
837	17
838	62
839	10
849	29
853	50
859	58
873	31
887	56
908	64
929	10
934	12
935	65
937	114
941	136
942	12
943	48
945	25
946	163
947	69
956	64
958	42
968	38
975	38
985	37
989	45
999	39
1000	93
1006	157
1012	40
1018	51
1031	83
1034	64
1061	31
1075	101
1080	58
1097	126
1111	110
1124	38
1127	89
1128	28
1137	150
1151	517
1154	40
1164	108
1165	58
1185	89
1186	193
1191	42
1196	28
1199	63
1200	144
1201	119
1203	58
1211	248
1230	73
1239	66
1243	41
1250	43
1259	63
1260	15
1279	171
1282	21
1284	70
1285	73
1286	109
1296	37
1305	356
1307	87
1310	66
1319	233
1322	69
1330	46
1353	70
1360	73
1372	17
1374	533
1375	33
1378	69
1382	43
1385	157
1402	34
1407	46
1411	39
1413	70
1418	28
1420	38
1435	10
1437	47
1444	26
1482	98
1486	14
1492	228
1496	263
1520	36
1521	147
1534	48
1542	276
1547	65
1550	60
1565	37
1566	91
1583	104
1585	190
1592	67
1608	406
1613	39
1621	126
1622	124
1628	43
1629	18
1633	195
1637	48
1638	43
1646	59
1649	24
1653	45
1658	47
1661	117
1672	27
1680	89
1687	16
1688	114
1697	114
1700	157
1706	69
1707	57
1714	34
1726	60
1729	87
1730	71
1732	37
1746	34
1747	27
1749	89
1757	50
1769	130
1771	6
1772	194
1780	35
1791	29
1802	34
1805	43
1811	87
1816	64
1835	132
1836	87
1842	147
1847	121
1848	47
1849	49
1857	33
1858	44
1859	64
1880	30
1884	22
1888	105
1893	93
1901	30
1903	45
1908	51
1920	23
1927	45
1953	39
1956	144
1963	38
1964	67
1965	42
1969	51
1973	49
1977	73
1979	32
1983	17
1985	71
1987	36
1990	119
1991	89
1992	93
1997	128
2004	32
2007	12
2014	57
2055	14
2060	21
2062	173
2066	254
2071	66
2073	49
2076	30
2079	30
2085	55
2091	46
2095	43
2097	40
2101	18
2109	69
2114	115
2117	126
2119	27
2128	66
2134	92
2137	26
2144	129
2145	264
2151	66
2157	56
2168	25
2178	26
2181	30
2182	29
2193	67
2202	18
2205	20
2206	31
2210	146
2237	387
2240	202
2241	53
2246	46
2252	103
2253	22
2257	118
2273	47
2289	73
2294	35
2328	425
2329	38
2332	60
2333	32
2339	34
2341	43
2345	34
2350	22
2362	7
2364	93
2381	162
2384	115
2385	45
2397	69
2400	61
2410	83
2411	260
2426	22
2435	63
2456	108
2470	149
2475	38
2479	26
2484	14
2485	435
2490	54
2499	31
2504	190
2506	109
2508	126
2517	86
2535	265
2544	64
2565	1065
2570	40
2575	21
2579	59
2580	35
2585	159
2587	62
2593	146
2595	107
2604	28
2612	76
2619	146
2625	331
2643	100
2646	105
2653	239
2655	109
2657	197
2665	58
2669	42
2685	71
2686	205
2696	126
2720	25
2727	115
2746	116
2754	72
2760	74
2763	62
2775	179
2777	40
2787	63
2794	80
2811	76
2859	222
2871	410
2900	140
2923	109
2932	109
2958	163
2981	105
3002	77
3005	147
3007	95
3010	157
3014	97
3024	145
3026	257
3028	256
3034	160
3059	103
3073	70
3084	202
3092	134
3114	45
3117	186
3125	87
3136	83
3140	91
3144	152
3180	77
3192	188
3258	159
3260	105
3284	75
3291	186
3309	59
3321	102
3334	228
3394	211
3404	159
3433	55
3439	175
3443	156
3447	328
3452	191
3453	368
3454	221
3458	107
3463	79
3464	40
3480	104
3529	72
3537	193
3557	84
3562	162
3568	250
3607	88
3615	223
3631	182
3635	131
3645	124
3650	108
3660	129
3661	86
3680	82
3748	96
3787	269
3800	67
3806	81
3807	64
3812	144
3830	76
3843	117
3847	51
3871	58
3903	72
3926	64
3937	52
3956	130
3958	111
3967	45
3970	71
4011	103
4013	78
4021	78
4024	40
4040	169
4043	60
4044	142
4055	80
4058	16
4065	180
4072	72
4088	24
4103	57
4124	162
4162	89
4179	100
4201	87
4212	103
4231	18
4247	126
4256	100
4261	112
4263	66
4266	89
4269	70
4289	58
4290	68
4297	133
4299	66
4335	251
4384	82
4417	41
4422	57
4424	73
4463	81
4485	73
4510	76
4528	57
4531	79
4547	109
4578	97
4613	52
4661	93
4662	91
4706	60
4709	91
4719	63
4796	64
4808	48
4811	78
4814	64
4820	56
4827	73
4938	57
4962	55
5026	61
5037	73
5055	78
5073	57
5092	72
5100	84
5106	96
5130	79
5132	33
5144	66
5802	410
6170	46
6496	85
6715	81
6739	45
8286	3
8291	71
8293	164
12	65
663	194
697	149
2708	67
3371	64
4233	59
13	11
14	114
324	29
368	17
477	23
797	14
1053	64
1123	65
2016	72
8285	7
417	113
737	446
974	120
2229	147
2398	384
4561	3
4600	122
4645	27
4658	2
7871	47
8292	41
16	15
17	45
18	12
20	187
321	65
425	118
861	37
896	107
981	37
1044	25
1352	187
1604	26
2165	32
2281	15
2285	96
2324	89
2348	25
2693	229
2774	146
2828	58
2877	82
3027	125
3456	414
3516	110
3614	248
4373	55
5327	43
5714	143
5775	115
5780	60
5814	227
5818	134
6229	87
6262	55
6780	66
7726	46
8288	14
21	76
794	44
2814	48
22	2
601	16
670	11
1029	141
1039	30
1593	52
24	309
311	346
633	114
742	112
769	176
856	155
1100	34
1267	138
1315	58
1357	186
1416	93
1419	89
1473	178
1548	52
1705	98
1723	77
1734	148
1754	143
1781	55
1808	192
1814	177
1837	50
2209	100
2225	136
2264	119
2276	119
2323	227
2354	119
2371	193
2375	108
2516	205
2542	172
2560	231
2660	266
2667	197
2697	118
2707	164
2815	52
2819	79
2822	123
2830	77
2922	47
2926	24
2955	65
2963	73
2999	61
3018	79
3089	247
3164	56
3351	64
3408	112
3410	15
3473	87
3586	230
3643	150
3792	88
3854	130
3898	71
3910	116
4276	91
4310	372
4338	125
4349	52
4712	298
4944	49
4953	64
4999	73
5123	163
5162	57
5341	58
5412	219
5423	143
5484	167
5511	52
5596	96
5863	57
6097	85
6272	112
6441	63
6566	59
6833	95
6855	78
6869	75
6948	27
6955	54
7119	47
7143	46
7144	47
1030	14
1077	8
2801	51
6251	54
1023	37
1038	17
1166	688
2120	205
2135	214
2297	249
2594	160
2599	46
2620	96
2689	83
2831	112
2834	61
3150	59
3274	121
3489	71
4099	287
4303	3
4483	212
4574	112
4717	126
4781	84
4929	72
5022	321
5459	175
5529	106
5605	97
5799	89
5804	96
5822	154
5897	61
6006	168
6044	73
6151	72
6437	67
7115	88
7289	9
7908	85
8174	80
37	20
3976	275
4735	195
6123	110
40	11
26	95
419	3
41	30
42	89
823	24
1024	73
6458	93
7108	61
43	4
44	44
2652	17
3813	153
4687	121
4795	154
4875	181
5439	104
6306	79
6432	47
7092	224
8295	118
45	8
46	59
3435	47
3506	31
47	146
1236	123
1300	1
1564	78
1603	67
2185	10
3720	65
3803	88
3897	194
3946	61
4189	46
5922	56
6875	71
8212	49
8294	105
48	21
51	24
52	1
53	39
1744	80
3276	203
3646	47
3717	39
4183	10
4191	274
4235	8
4389	1
4666	169
4764	85
5079	399
5640	41
5998	114
840	65
5404	152
5545	69
5582	139
6198	27
6498	52
6503	47
6913	124
6946	177
7040	30
7052	208
7295	62
682	28
714	22
784	244
795	74
1020	12
1432	7
515	10
2211	34
57	13
58	38
5378	60
8237	33
59	94
928	40
1595	24
1918	89
2174	141
2547	147
2550	74
2724	52
2946	30
2966	38
2972	395
2977	31
2979	24
3015	87
5624	79
6166	34
60	9
7624	58
62	17
2092	10
2247	7
27	102
2369	233
2917	32
4400	118
4448	128
4715	67
4828	298
5210	158
5743	91
5844	69
6246	55
63	1
64	10
65	2
66	44
2799	49
4588	47
5614	36
7961	84
3238	167
3459	266
3479	154
3498	181
4098	63
4994	75
5061	59
5321	114
5524	495
5683	77
6004	92
6774	125
6832	170
6979	105
7050	55
7279	92
7620	208
8042	55
8128	40
73	13
76	2
78	41
1192	19
79	53
930	24
77	25
81	18
1157	84
83	8
91	2
67	17
84	1
85	1
2160	116
2576	314
2809	53
3050	33
3310	56
3576	24
3681	42
5028	110
5421	42
5449	104
5936	67
6094	50
6327	211
6914	206
6930	59
7553	190
71	109
1636	10
1915	67
2106	45
3804	42
4780	31
5058	33
5671	58
7809	124
7921	24
87	195
2053	40
2256	332
2623	160
2764	50
2790	281
2925	54
3460	100
3873	79
3912	28
3962	103
4078	10
4110	106
4332	6
4453	57
4632	271
4748	87
5020	234
5072	68
5200	101
5308	19
5392	65
5415	43
5584	64
5630	53
5684	69
5732	48
5737	47
5790	51
5798	58
5963	90
6156	101
6174	44
6296	49
6337	71
6400	49
6407	32
6553	29
6737	33
7381	60
7649	66
7662	63
8141	44
88	1
1270	8
1612	79
2991	30
3921	7
3974	6
90	72
1596	67
92	5
82	1
99	24
1498	56
3293	56
4071	87
5812	85
6560	171
6592	7
6634	204
6918	86
7574	19
7588	25
7803	54
8132	14
96	2
100	5
98	8
31	15
102	5
1232	6
103	68
2589	23
2851	132
4536	245
5452	80
5503	3
5800	318
5872	117
6589	27
6665	139
6967	7
7074	21
7618	49
115	3
116	2
104	30
106	9
3033	111
68	275
1159	53
1792	90
2001	99
2072	138
2102	97
2307	40
2325	67
2338	61
2440	117
2597	50
2618	84
2654	291
2765	66
2912	83
2951	66
2973	72
3021	60
3056	80
3145	45
3307	81
3313	21
3376	33
3634	181
3691	141
3816	18
3949	35
3980	15
4051	33
4111	25
4211	75
4351	20
4584	10
4587	116
4604	48
4631	27
4791	51
4884	52
4896	1
4981	128
5002	226
5096	61
5179	298
5188	258
5226	88
5233	168
5245	28
5262	131
5288	126
5351	6
5430	70
5437	66
5445	116
5457	84
5463	57
5527	62
5620	41
5637	58
5639	21
5655	148
5680	57
5721	57
5745	20
5806	156
5839	119
5848	51
5860	15
5886	87
5902	86
5925	64
5933	39
5972	20
5994	57
6083	9
6098	63
6124	71
6130	7
6505	67
6599	50
6682	10
6784	149
7063	72
7094	38
7168	53
7233	76
7341	28
7544	56
7795	54
7839	69
8051	52
8178	54
117	1
118	1
119	1
107	4
109	190
1074	106
2511	54
3752	68
4361	94
4401	70
4441	221
4786	23
4798	55
4940	78
5140	91
5273	67
5295	72
5465	48
5479	70
5563	107
5626	41
5739	111
5760	96
5819	112
5824	70
5827	73
5829	88
5871	114
6001	52
6043	81
6328	59
6344	6
6376	4
6417	74
6442	57
6464	9
6481	62
6511	13
6523	113
6528	34
6529	14
6552	59
6555	139
6567	16
6576	47
6596	200
6600	61
6699	44
6770	72
6788	13
6860	49
6901	46
6934	133
6951	49
6980	70
7005	59
7021	104
7047	210
7101	44
7185	31
7225	113
7280	144
7373	45
7393	27
7400	66
7414	95
7668	8
7694	39
7757	53
7763	57
7788	44
7810	59
7924	65
8297	42
110	95
4435	41
7855	52
7862	62
111	29
120	8
112	1
121	9
122	213
403	69
1247	123
1291	85
1393	55
1777	58
1984	47
2322	97
2474	207
2700	216
2747	138
2768	66
2805	56
2968	104
3029	62
3106	61
3148	86
3173	66
3251	62
3253	110
3393	75
3520	39
3541	124
3580	81
3587	97
3772	27
3776	17
3887	51
4117	16
4365	60
4530	90
4964	144
4977	45
5155	75
5335	94
5454	84
5506	46
5509	48
5592	29
5651	59
5947	75
7699	79
113	89
686	105
5178	133
7651	51
123	1
124	3
114	1
126	25
346	125
2290	181
2687	50
2928	16
3009	100
3265	92
3549	11
3567	38
3713	8
3769	40
4234	43
5928	57
7012	50
128	80
1950	5
2069	30
2340	27
2366	20
2386	17
3126	28
129	4
133	10
134	2
136	99
1493	28
3297	85
3346	70
3919	57
4412	30
4713	58
5482	70
5738	56
5950	42
5980	36
6000	56
6299	164
6472	12
6628	19
6670	7
6707	11
6725	28
6777	15
6805	12
6938	16
6953	31
6997	4
7054	87
7301	93
7442	31
137	1
138	72
139	37
141	1
142	25
143	94
1678	18
1955	7
145	18
5189	361
6720	51
146	1
1140	47
1141	14
149	1
155	81
6923	11
6993	107
7116	47
7493	11
7587	93
7604	12
7647	29
7648	10
7652	11
7672	1
7701	18
7927	46
156	4
157	44
1114	45
158	7
159	1
160	1
161	32
1240	8
3429	7
162	4
6691	5
165	3
4689	35
172	123
1571	85
1972	224
2356	112
2510	140
2662	58
3020	105
3030	74
3099	49
3243	39
3338	58
3670	34
173	334
314	14
948	60
1537	86
6269	10
6414	114
6606	21
6994	52
7813	39
174	1
74	69
176	39
177	19
1733	79
1799	123
4646	28
179	17
180	54
181	3
166	93
1935	44
5246	78
6305	232
6945	41
7695	41
8079	9
8083	40
8134	60
8163	43
8198	35
185	4
194	5
187	37
188	4
2713	244
189	1
196	1
190	2
197	11
195	1
198	1
199	17
2721	36
191	13
200	1
201	21
202	6
203	31
3835	83
205	12
206	1
207	1
208	6
209	10
210	1
125	29
215	100
2195	20
2234	27
2242	14
2378	11
2736	16
217	1
221	10
222	12
223	19
1793	18
225	1
240	5
242	2
244	4
245	3
247	11
231	50
5263	124
233	1
234	1
235	2
237	41
2838	50
8121	53
248	1
238	3
239	1
169	3
253	1
254	25
1287	6
256	10
260	6
2770	26
5773	145
5828	74
6840	14
263	22
3726	50
5222	52
264	1
265	31
827	32
5083	64
266	13
267	1
268	3
269	30
270	14
4432	53
276	7
277	2
275	56
2844	11
241	8
2785	96
283	2
284	7
287	1
288	1
289	1
291	37
2326	288
3455	116
4466	24
4776	23
294	1
292	6
293	3
295	5
296	10
297	1
4983	91
5793	2
3724	136
4557	45
249	15
303	3
1833	15
903	6
1277	25
3191	114
4041	144
4138	119
5176	179
5182	70
5969	45
6029	39
307	5
320	7
309	1
2121	12
3417	98
3664	46
4471	12
4482	45
5239	50
5753	50
2425	9
2605	107
2672	16
2918	44
2940	179
3068	21
3969	126
4534	69
4650	7
6595	52
7833	55
312	227
315	77
316	3
305	7
318	3
967	67
2592	70
2629	14
3547	15
3796	226
4527	51
4551	51
4954	6
5075	6
6110	7
6347	73
6570	36
7910	57
8037	32
329	6
330	1
323	1
326	12
331	4
327	8
251	8
328	13
333	2
335	46
5887	21
7443	53
7497	30
7688	14
4403	9
336	31
6221	75
7450	34
337	1
340	30
1266	10
2163	12
2670	13
342	2
343	4
344	3
2501	26
345	9
2251	109
2416	87
3104	22
3446	17
3483	60
3971	18
4822	9
351	11
355	1
352	9
353	6
357	2
193	21
364	14
365	8
366	14
369	1
367	5
6388	63
7277	66
7422	35
374	3
375	1
376	37
386	3
381	2
382	1
387	11
101	16
383	45
2674	154
384	1
393	1
395	42
4175	61
4341	39
5199	87
6904	2
6976	99
7512	29
7890	74
397	1
398	7
6890	10
399	6
400	12
401	1
404	5
2433	81
2617	64
3130	66
4846	98
4980	63
5559	29
5568	44
5817	133
7306	18
408	1
409	2
410	6
411	1
413	1
414	3
416	2
418	1
423	7
424	6
2231	126
2880	48
5384	37
5487	56
5811	135
5835	31
6241	101
6255	37
6323	72
6424	43
6447	26
6613	51
6803	26
6809	17
6813	6
6982	18
7131	87
7351	59
7707	47
426	41
430	5
618	13
4653	205
5466	39
5693	61
434	6
436	1
437	1
438	1
412	21
441	1
443	1
7992	44
444	2
451	1
448	1
449	9
3548	35
4402	49
446	1
450	1
211	2
453	1
454	9
455	4
456	5
457	732
1600	18
2277	26
2818	12
2996	25
3200	41
3324	28
3409	10
3849	13
3911	9
3922	36
4173	28
4315	83
4488	86
4507	47
4621	8
4797	69
4824	144
4831	16
4879	44
4899	204
4986	44
5012	63
5045	9
5121	51
5148	58
5204	71
5285	53
5289	52
5305	33
5513	17
5623	16
5631	4
5638	38
5663	8
5705	26
5757	15
5776	54
5792	3
5801	14
5809	29
5830	8
5832	5
5850	20
5891	58
5931	5
5932	68
5973	30
5991	18
6009	10
6010	3
6021	12
6032	133
6106	4
6149	3
6161	22
6218	99
6243	74
6261	13
6270	121
6302	17
6334	45
6409	20
6422	72
6474	27
6491	12
6554	37
6571	17
6594	37
6632	37
6663	15
6668	6
6685	6
6686	11
6783	44
6873	38
6897	45
6907	238
7034	1
7073	41
7237	64
7238	49
7389	31
7491	11
7529	42
7561	51
7791	23
7835	43
7860	40
7946	36
7957	1
7965	34
7979	48
8044	32
8050	15
8209	37
8219	42
8224	48
8226	9
8249	39
458	4
460	3
461	4
462	4
463	6
3939	6
3942	12
467	12
468	1
164	8
472	1
476	1
479	8
480	1
481	1
486	1
473	1
489	5
490	1
492	1
493	3
494	3
497	2
498	2
499	14
501	10
502	4
504	1
507	1
513	4
511	3
509	1
516	1
519	1
520	1
525	7
521	5
522	1
523	1
445	4
527	1
528	1
531	1
530	7
529	1
534	4
536	5
539	2
540	1
541	3
542	7
543	1
544	2
7646	39
546	142
3811	12
4199	35
5298	12
5807	54
6421	30
6590	9
551	1
218	2
547	1
548	1
550	1
552	2
553	22
554	9
555	3
556	121
557	1
558	1
561	4
562	1
563	1
565	8
568	1
569	1
570	4
571	1
572	5
573	1
574	5
576	1
577	1
578	1
580	30
2258	139
5103	172
5500	25
583	26
582	34
4562	14
4605	12
4728	14
585	3
588	22
591	2
595	2
593	1
596	1
594	1
597	2
598	1
599	1
6892	13
7912	39
602	1
605	1
610	1
612	1
614	10
615	35
495	6
620	14
8289	4
621	1
625	3
632	1
5469	3
634	150
1403	70
3554	44
4323	48
5539	34
6148	60
646	17
635	66
638	1
640	4
641	2
642	3
648	2
649	40
3082	8
3256	24
651	2
655	1
652	2
653	2
654	1
661	2
662	2
1961	23
2223	41
4480	40
666	2
639	31
669	1
672	1
4049	11
676	1
678	1
683	1
688	5
689	47
690	3
692	3
693	1
695	118
4639	6
699	8
701	4
703	1
1819	8
708	51
2993	35
709	1
3671	6
711	1
712	19
713	4
716	1
718	1
3808	11
720	1
721	1
2571	17
2591	14
2607	14
2647	28
2797	20
2821	13
2825	21
2856	75
2902	27
3255	11
3609	18
5326	16
6714	141
724	4
726	2
727	32
728	5
729	1
731	1
732	4
1823	79
1865	23
3842	50
4298	49
5064	23
5772	33
6047	12
6280	56
6320	54
6618	147
6700	18
6736	88
6759	26
6772	82
6789	66
6917	11
6924	29
6933	9
7162	12
7186	16
7323	11
7386	77
7391	94
7397	16
7449	51
7517	22
7567	8
7593	15
7658	7
7666	31
7669	7
7673	9
7675	30
7730	6
7778	34
7799	5
7819	11
7874	21
8168	48
8192	71
8204	10
738	8
5301	126
734	1
735	1
4385	20
4386	14
6712	42
7214	55
7691	26
745	2
2116	60
5215	47
7683	43
751	1
754	2
752	1
753	1
755	1
758	2
759	77
4777	46
5673	4
766	773
1971	1
2507	97
2658	365
3000	68
3103	72
3271	10
3319	18
3320	42
3348	57
3381	210
3486	14
3555	27
3616	11
3856	13
4219	138
4500	36
4529	33
4583	10
5033	9
5432	55
5650	33
5837	27
6501	58
7510	60
7879	35
7882	51
8073	22
7378	92
767	1
768	2
770	3
772	3
773	1
774	1
736	4
775	2
776	1
786	2
788	113
2914	24
5709	20
6360	46
780	2
781	8
782	9
783	1
4355	61
5120	4
5470	6
785	1
792	2
7899	10
796	6
799	1
800	2
801	6
804	6
807	1
808	4
811	3
812	3
3875	7
4181	28
814	3
815	2
816	29
819	1
821	1
818	2
3465	8
824	2
1970	1
2638	14
3105	1
3235	24
3822	15
3908	2
4030	10
4678	13
4783	5
5426	10
5740	3
7250	4
8246	14
830	3
832	3
831	12
835	1
841	61
3914	13
842	30
843	1
845	1
847	1
848	8
851	2
854	99
1770	12
2112	8
855	2
4014	4
852	40
2910	5
860	8
862	3
865	97
867	1
869	11
870	38
2990	5
3023	3
874	1
876	1
877	2
879	122
3745	13
4359	7
4550	103
880	1
883	3
886	3
888	1
889	1
890	1
891	1
892	1
469	10
898	10
900	5
1323	11
902	2
2751	12
905	2
909	12
7407	6
7439	7
910	2
911	27
912	9
914	7
923	1
915	7
916	4
917	1
919	1
920	10
921	6
924	1
787	12
927	1
926	6
931	2
940	1
944	5
2083	7
3629	24
5253	6
949	8
950	9
951	1
954	34
957	3
961	16
965	1
962	3
964	4
933	18
969	2
970	11
973	2
3205	1
976	1
980	1
984	7
986	77
988	292
2974	38
3538	23
3809	24
3825	2
5417	10
8122	26
8124	26
8130	8
987	2
990	1
992	1
3888	8
3885	53
996	297
5784	26
998	30
1005	5
6027	7
7436	12
1001	1
1002	1
1003	18
1004	12
1008	8
1011	6
3301	27
1013	23
1016	1
1017	1
1019	1
1009	44
1021	1
1025	1
1027	6
1028	7
1033	6
1037	86
1040	1
1041	49
4127	66
4468	47
5309	5
6311	13
1042	41
1045	1
1046	24
1047	1
1048	2
1050	44
1052	4
1051	46
1058	1
1059	2
1060	3
1063	29
1064	16
1067	2
1065	7
1066	5
1070	1
1071	1
1072	1
872	29
5499	16
6755	19
6769	5
6850	35
1084	5
1078	5
1079	2
1081	1
1082	4
1083	2
1085	4
1086	8
1089	8
1087	2
1088	1
1093	2
1094	2
1095	10
1096	1
3155	15
1098	305
2650	14
2781	22
6568	2
6806	10
7059	31
7060	7
7110	16
7120	38
7201	10
7262	21
7634	8
8002	30
1099	8
1104	1
1105	3
1106	2
1101	1
1107	1
1108	1
1109	1
1110	1
1112	1
1113	6
1102	15
1115	1
1120	1
1126	2
1129	62
1130	1
1132	57
1133	399
2129	67
4047	10
4188	5
4254	10
4311	7
4331	20
4558	14
4620	12
4648	14
4677	14
4946	4
5043	8
5044	12
5635	8
5977	13
6226	13
1134	3
1135	115
1664	5
5141	12
1138	3
1139	2
1142	48
1143	14
1068	3
1145	2
1146	1
1147	3
1148	1
1150	8
1155	1
1158	1
1161	1
2376	29
3266	4
3893	9
6023	56
6164	11
1177	1
1178	1
1179	10
1169	29
1170	2
1180	1
1171	1
1090	2
1172	1
1173	1
1174	1
1175	1
1182	7
1183	9
1176	1
1187	3
1188	2
1189	1
3193	13
1194	1
1195	5
1197	3
1198	4
3138	3
1202	66
1204	61
1205	1
1206	1
1207	26
1208	1
1209	1
1210	218
1212	4
1213	1
1214	2
1215	65
1216	1
1219	1
1223	1
1224	1
1225	1
1226	1
1227	1
1228	11
1229	1
1231	1
1233	14
1235	20
1237	6
1238	1
1242	11
1244	2
1245	10
1246	8
3171	9
1252	2
1254	1
1255	1
1256	1
1257	1
1258	1
1262	2
1264	1
1268	1
1269	1
1271	2
1272	1
1273	1
1274	1
1275	1
1278	69
1276	1
1280	4
1281	10
2956	2
1290	16
1292	7
1293	33
1294	1
1295	1
1298	1
1299	5
1301	3
1302	1
1303	1
1304	1
3461	111
3973	50
4993	20
1306	20
3867	9
1308	4
1309	1
1313	1
1311	2
1312	1
1314	1
1316	7
1317	1
1318	2
3237	3
1320	6
1324	1
1327	1
1328	2
1325	1
1329	3
1331	6
1332	1
1333	2
1334	1
1335	62
1336	8
1337	1
1338	3
1339	5
1340	3
1341	2
1342	4
1343	2
1344	2
1345	1
1346	3
1349	2
1350	117
1351	1
1359	3
1354	8
1355	3
1361	1
1356	20
1362	4
1358	18
1365	7
1366	1
1367	40
1368	33
3785	34
1369	1
1370	1
1373	4
7088	34
1376	1
1379	1
1380	63
1381	52
1383	4
1386	61
1387	1
1388	2
1391	1
1392	2
1395	199
1397	1
1398	1
1399	1
1400	3
1401	3
1404	1
1405	1
1406	2
1408	1
1409	1
1410	1
1421	2
1422	1
1423	8
1424	52
1426	1
1427	2
2679	1
3080	9
1429	3
1430	2
1431	1
1433	1
1434	2
1436	1
1184	79
4809	5
1438	1
1440	1
1443	3
1445	1
1447	7
1448	1
1449	1
1450	1
1451	3
1452	1
1454	1
1455	1
1456	1
1457	5
1458	1
1459	1
1460	1
1461	1
1462	48
1463	26
1466	24
1467	11
1469	7
1470	156
3285	10
5706	6
1581	3
1474	2
1480	44
1481	1
1483	52
1488	1
1494	1
1495	10
4411	8
1499	12
1500	48
1502	2
1503	3
1504	6
1505	4
1511	1
1510	18
1512	1
1515	1
1516	1
1517	1
1519	1
1522	139
4012	9
6462	18
1523	1
1527	1
1526	4
1528	1
1535	2
1536	1
1539	5
1540	1
1541	1
1543	1
1545	1
1546	1
2423	3
5115	15
6059	11
6096	7
1552	81
1553	20
2233	40
3880	3
4009	10
4272	5
5312	16
1551	1
1554	6
1558	1
1559	1
1560	3
3933	15
1568	1
1570	4
1572	2
1574	1
1575	1
1576	1
1578	1
1579	1
1010	6
1582	13
1584	1
1588	1
1589	13
1590	1
1591	1
1594	114
1599	3
1601	4
1602	1
1605	10
1606	3
1607	2
1609	1
1611	1
7042	3
8149	5
8235	10
8148	12
1614	73
1615	162
1616	1
1617	1
1530	11
1620	1
1623	39
1625	2
1627	1
1626	2
1630	2
1631	6
1632	3
1634	1
1635	1
1639	36
1642	1
1643	1
1644	48
1645	2
1650	1
1651	1
1655	1
1656	1
4580	1
1659	1
1660	1
1663	1
1665	1
1666	1
1667	55
8019	8
1668	5
1670	18
1671	1
1647	19
1674	8
1675	2
1676	1
1677	2
4654	17
1681	2
1682	1
1683	2
1685	1
1684	9
1686	1
1690	2
1691	50
1693	6
6723	6
1694	1
1695	1
1696	4
2552	16
1698	1
1699	1
2244	3
1711	9
1703	1
1704	1
1708	1
1709	6
1710	1
1712	1
1713	1
1715	1
1719	10
1720	14
1721	1
1722	14
1724	1
1725	1
1728	1
1731	1
1735	1
1736	1
1737	9
6340	9
1740	1
1738	3
1739	1
1741	9
1742	6
1743	1
1745	1
1748	76
4815	11
8275	12
1753	1
1755	1
1756	89
1760	1
1761	2
1762	47
1763	1
1764	2
1765	4
1766	27
1767	97
2678	1
2798	1
3999	7
1759	5
1773	1
1775	1
1778	8
1782	2
1751	35
1784	1
1785	1
1789	11
1790	2
1795	44
679	3
1796	38
1797	1
5569	6
1800	20
1803	19
1804	1
1806	1
1807	8
2645	11
5271	6
5296	24
1809	2
1810	1
1812	4
1813	41
4552	12
8186	7
5146	5
1820	90
1821	7
3669	4
1822	11
1825	1
1826	1
1827	2
347	8
1828	2
1829	2
1838	57
1830	3
1831	3
1832	6
1834	1
1839	1
1840	2
1841	1
1844	1
1845	1
1846	1
5208	15
7146	12
1852	1
1853	1
1856	1
1860	1
1862	2
1866	1
1867	2
1868	22
1869	3
1870	1
1874	9
1875	33
1871	1
1872	5
1876	3
1873	1
1879	13
1881	1
1882	1
1883	1
1885	44
1886	4
1887	2
1889	1
1891	36
1892	5
1894	1
1895	1
1896	51
1897	1
1899	6
1900	1
1902	1
1905	1
1906	1
1907	1
1909	1
1911	1
1912	3
1913	1
1914	2
1916	1
1917	1
1921	1
1922	204
3201	4
1923	2
1924	5
1925	22
1928	7
1890	1
1926	1
1929	1
1930	1
1931	15
1937	13
1932	1
1933	1
1938	1
1934	1
1939	1
1940	5
1941	1
1943	3
1944	2
1945	2
1946	4
1947	15
4031	17
1948	14
1951	29
1958	1
1959	1
1960	1
1962	31
6621	4
6762	5
1967	31
1968	2
1975	1
1976	6
1978	1
1952	3
1980	47
1981	2
1986	17
1988	1
1989	1
1993	3
1994	1
1995	3
1996	1
1794	26
2000	1
2002	1
2005	1
2008	1
2009	63
2040	1
2010	27
2011	3
2012	3
2013	1
2042	2
2015	1
2017	1
2018	2
2019	1
2020	1
2021	1
2044	2
2023	1
2024	1
2025	1
2026	1
2027	1
2045	1
2029	2
2030	1
2031	1
2032	1
2033	22
2034	1
2035	1
2036	2
2037	8
6111	10
698	11
4216	15
2038	5
2049	3
2050	4
2051	1
2052	14
2054	3
2056	1
2057	1
2058	1
2059	4
2061	4
2063	21
2064	2
2065	50
2068	4
2070	1
2077	1
2081	1
2082	1
2084	10
2086	1
2087	1
2088	6
2089	1
2090	1
2093	55
2096	2
2422	2
2100	1
2099	22
2104	2
2103	2
2105	11
2108	4
2110	3
2111	4
2115	16
2118	113
6321	4
7994	10
8225	7
2125	3
2126	1
2127	3
2130	8
2131	1
2132	1
2133	130
2136	1
2138	1
2139	3
2141	2
2142	2
2143	1
4218	22
2146	1
2147	1
2148	1
2149	2
2150	1
2152	4
2156	41
2155	1
2159	18
2161	3
2164	1
2167	1
2169	32
2170	2
2171	16
2172	29
2173	1
2175	1
2176	17
2177	3
2179	1
2180	1
2183	1
2184	3
2186	61
2187	1
2188	3
2189	1
2190	1
2191	1
2192	5
2194	3
2196	3
2197	4
2198	3
2199	1
2200	2
2201	1
2203	1
2204	1
2212	1
2213	1
2214	3
2215	15
2216	1
2217	11
2218	1
2219	1
2221	1
2222	1
8033	5
2224	3
2226	28
2227	4
2228	1
2230	49
3623	4
2232	12
2235	1
2236	75
2238	1
2239	1
2041	6
2243	1
2249	38
2250	3
2254	6
2255	31
3737	7
2259	1
2260	1
2261	1
2262	1
2153	4
2266	1
2267	1
2268	1
2269	2
2270	1
2274	48
5393	20
7490	30
8175	1
2278	4
2280	1
2282	5
2283	1
2286	6
2287	4
3556	20
6055	3
2288	1
4876	2
2291	1
2292	1
2265	1
2293	2
2295	2
2296	2
3770	34
2298	48
2299	67
2300	1
2301	1
2302	1
2304	1
2305	1
2308	1
2310	1
2311	1
2312	1
2313	1
2314	3
2315	1
2309	3
2316	3
5375	24
2317	2
2318	2
2319	3
2320	2
2321	3
2330	2
1561	1
2331	2
2334	1
2335	1
2336	1
2337	1
2342	10
2343	7
2344	1
2349	2
2351	1
2352	2
2353	1
2272	31
2357	12
2359	2
2360	3
2361	1
2363	4
2365	78
2367	8
2368	17
5231	12
5255	20
5303	3
5467	15
5564	10
5664	5
6041	8
6107	4
6235	8
7928	21
2370	2
2372	7
2374	1
2379	45
2380	1
2382	1
2387	66
5354	6
2388	1
2389	1
2390	2
2392	1
2391	1
2394	1
2395	1
2396	1
2393	4
2399	2
2401	1
2402	2
2403	2
2404	1
2405	1
2406	2
2407	4
2306	4
7304	11
2412	3
2413	2
2414	6
2417	7
2418	1
2113	7
2420	2
2419	1
2424	1
2428	1
2429	2
2427	11
2434	2
2437	2
2373	2
2438	1
2462	4
2463	1
2439	1
2441	1
2442	1
2443	1
2444	6
2445	1
2446	1
2094	1
2447	1
2448	1
2449	1
2450	1
2451	2
2452	42
2453	1
2454	1
2455	1
2465	1
2457	1
2466	1
2458	6
2459	1
2460	1
2461	1
2471	1
2472	75
2473	103
2476	35
2477	1
2478	6
2480	7
2481	8
2482	3
2487	1
2488	21
2489	1
2491	1
2492	1
2493	6
2494	1
2495	1
2496	2
2497	38
2500	3
2502	30
2503	2
8296	14
2505	1
5311	11
2509	11
2512	1
2514	1
2513	1
2515	1
5926	6
6532	7
2518	4
2519	1
2355	1
2520	1
2530	1
2531	2
2521	1
2522	1
2523	5
2534	1
2526	1
2527	2
2528	1
2536	1
2537	1
2538	1
2529	1
2540	1
1181	1
2541	37
2543	1
2498	1
2545	7
2546	34
6435	11
2548	12
2549	70
2551	2
899	24
2555	12
2556	1
2566	32
2557	77
4220	15
2469	3
2567	5
2558	2
2559	82
5406	14
2561	2
2562	2
2563	2
2564	50
4778	16
5364	6
6942	10
7319	8
7362	24
7857	8
7996	11
8068	4
8169	14
2569	5
2572	7
2573	1
2574	2
5713	9
2577	2
2578	12
2581	1
2582	1
2583	2
2584	1
2586	2
4625	15
2596	13
2598	7
2603	1
6080	9
2606	1
2608	14
2609	7
2610	1
2611	7
5387	16
2613	25
2614	5
2615	2
2616	1
5240	3
5533	3
5956	2
6109	5
6279	1
2627	1
2626	3
2630	2
2631	1
2632	1
2633	1
1863	1
2634	1
2635	1
2636	1
2637	1
2639	1
2640	1
2641	1
2642	1
2644	1
2628	1
2648	1
2649	1
6543	5
2656	1
5260	6
8024	6
2659	12
2661	1
2663	2
2664	1
2668	1
2671	1
2673	1
2675	1
2676	7
2677	40
2680	6
2682	1
2683	13
2684	1
2699	74
2701	19
6105	17
2702	80
2703	61
2688	618
5368	5
5514	12
5756	18
2704	75
6078	10
2690	26
2691	44
2692	19
2705	1
2706	18
2694	18
2695	7
2698	15
2709	1
2711	13
2715	2
2716	1
2717	1
2718	1
2719	21
2722	1
2723	1
2725	1
2728	3
2730	2
2731	1
2733	3
2729	1
2734	1
2737	16
2738	3
7423	11
2739	1
2740	28
2741	1
2744	39
2748	1
2749	1
2752	7
2753	1
2755	1
2757	5
2759	1
2761	1
2762	3
2766	1
2767	1
2771	1
2769	1
2772	1
2773	1
2776	1
2778	22
2779	1
2780	3
2782	1
2783	1
2784	1
2786	1
2788	4
2789	3
3036	8
2791	15
2792	18
2793	6
2796	8
2802	9
2803	1
2804	16
2807	5
2808	2
2813	1
2817	2
2823	1
3109	12
2824	1
2826	1
2758	2
2827	1
2832	50
4264	1
2833	7
2835	1
2839	5
2840	14
2845	3
2846	1
2847	1
2848	1
2849	1
2850	1
2852	2
2853	1
2855	16
2857	1
2858	3
4171	6
2860	5
2866	6
2867	3
2861	1
2868	1
2869	1
2862	4
2863	5
2870	1
2864	1
2865	2
2872	87
2875	6
2876	1
2879	1
2881	1
2882	1
2883	28
4068	12
2884	1
2885	5
2467	4
2896	1
2568	4
2886	3
2887	1
2888	1
2464	1
2889	14
2890	1
2891	1
2892	1
2893	1
2894	1
2895	1
2898	2
2901	4
2899	1
2905	4
2903	8
2904	18
2906	6
2907	6
2908	12
2913	11
2916	1
2919	2
2921	1
2924	2
2929	1
2930	1
2931	2
7316	5
2933	6
2935	36
2939	7
2938	1
7254	9
2941	11
2936	8
2944	1
2945	1
2947	10
2948	26
2949	1
2950	13
2952	1
2953	10
2954	1
2957	1
2960	1
2961	1
2962	1
2964	70
2965	2
2967	238
4086	2
4866	7
4934	13
4987	13
4992	16
5694	4
6611	16
7023	16
7734	6
2971	1
2969	3
2970	1
2978	6
2980	1
2982	1
2983	28
2985	4
2986	3
2987	9
2988	55
2989	10
2992	1
2994	3
2995	10
2998	3
3001	7
3008	1
3003	1
3004	3
3006	31
3011	1
3012	1
3013	1
3016	2
3017	3
3019	1
3363	1
3022	1
3025	4
4684	3
4779	5
4887	3
5267	5
5350	4
5442	3
6427	6
6475	2
3031	50
3032	216
3035	13
3037	7
3038	1
3039	14
3040	7
3041	14
3042	1
3043	1
3044	6
3048	1
3049	6
3046	10
3051	1
3052	1
3053	9
3054	1
3055	52
3057	48
3047	12
3060	4
3061	2
3062	42
2976	7
3066	1
3070	2
3071	1
3072	25
7290	5
3074	1
3075	2
3076	1
3077	4
3078	1
3063	3
7735	3
3081	20
3083	2
3085	1
3086	8
3087	8
3088	37
3090	12
6530	7
3091	1
3093	1
3094	5
3097	1
3098	37
3095	37
3096	3
3101	2
3102	1
3107	10
2842	124
3617	1
3108	8
8227	2
3110	21
3111	1
3112	1
3113	1
2003	63
7440	7
3115	5
3118	2
3119	3
3120	8
3123	3
3124	2
3127	15
3701	2
3128	1
3129	2
3131	1
3132	3
3135	1
3133	1
3134	1
3137	4
3143	1
3142	49
3146	1
3147	6
3149	1
3151	1
3152	1
3153	1
3154	1
3156	1
3158	1
3159	9
3160	2
3162	3
3163	1
3165	1
3166	1
3167	1
3169	1
3168	79
3172	13
3174	1
3175	41
3176	6
3181	3
3190	10
3182	1
3183	2
3184	1
3185	2
3186	1
3187	1
3188	20
3189	10
3194	1
3195	1
3196	22
3197	4
3198	1
3199	13
3202	8
3203	1
3204	1
3206	1
3207	1
3208	6
3209	41
3212	1
3213	1
3215	1
3214	1
3216	2
3210	3
3217	1
532	1
3219	1
3220	1
3221	1
1509	1
3211	2
3218	1
3222	1
3223	1
3224	1
3225	13
3226	1
3227	19
3228	1
3229	1
3230	1
3231	1
3232	1
3234	1
3233	3
3239	3
3240	1
3241	1
3242	6
3244	1
3245	1
3246	2
3247	2
3248	1
3249	3
3250	3
3252	37
3257	1
3263	1
3264	1
3259	2
3261	1
3262	9
3267	1
3268	2
212	1
3269	3
3270	2
2624	1
3272	2
3280	3
3281	1
3273	1
3275	14
3277	1
3278	2
3279	2
3288	1
3292	8
3294	1
3296	2
3298	1
3299	1
3300	5
3302	1
3303	1
1529	2
3304	31
3305	5
3311	1
3312	1
3282	5
3314	1
3315	13
3290	36
3318	1
3316	3
3317	15
3322	1
3323	2
3325	6
3326	18
3335	1
3331	1
3332	1
3333	15
3339	1
3340	4
3341	1
3342	1
3343	13
3344	1
3345	35
3349	9
3350	55
3353	1
3354	5
3355	3
3360	1
3356	1
3357	2
3358	1
3359	1
3306	7
3361	2
3362	1
3368	1
3369	1
3370	1
3366	63
3367	3
3373	12
3374	4
3375	43
3377	4
3378	41
3379	19
3380	42
3382	1
3383	2
3384	3
3385	1
3388	15
3389	2
3391	4
3392	33
5882	3
3395	1
3396	2
3397	3
3398	1
3399	3
3400	1
3401	1
3403	3
3402	122
3592	1
6307	6
8263	9
3405	1
3390	60
5388	3
3407	1
3406	4
3411	1
3412	1
3422	3
3423	1
3416	1
3424	1
3425	2
3418	1
3426	1
3434	1
3436	1
3437	1
3440	1
3441	2
3438	1
3444	2
3445	21
6225	4
6724	5
6920	5
7222	6
3448	3
3449	314
3450	27
3451	98
4880	1
5306	7
5471	2
6054	3
6826	2
3457	166
5363	3
3462	54
3466	17
3467	1
3468	3
3469	23
3470	21
3472	15
3471	2
3475	1
3481	17
3482	24
3477	53
3478	42
3487	1
3488	16
3492	3
3493	1
3490	2
3494	1
3495	3
3427	1
3496	10
3491	2
2524	7
3497	1
3499	3
3500	1
3504	1
3509	1
3510	1
3515	3
3511	1
3512	9
3513	4
3514	1
3518	6
3519	48
3521	29
3522	71
3523	28
3524	1
3525	16
3526	6
3527	64
3386	12
3530	3
3531	1
3532	5
3535	5
3536	6
3539	2
3540	4
3542	5
3543	3
3508	11
3544	7
3545	2
3550	1
3551	1
3552	1
3553	8
3558	1
3560	16
4481	2
3561	4
3563	3
3564	2
3565	1
3566	1
4265	3
6162	6
3569	42
3577	1
3579	2
3578	2
3708	1
7708	1
3581	1
3582	1
3583	4
3584	1
3585	2
6680	1
3589	5
3528	13
3591	14
3590	1
3593	26
3594	2
3598	4
3595	2
3599	1
3600	12
3601	52
3596	1
3597	13
3602	1
3603	12
3605	1
3606	1
3610	4
3611	22
3613	1
3618	1
3619	1
3620	1
3621	1
3622	22
3624	64
3625	4
3604	2
3628	1
3630	32
3632	1
3633	48
3636	11
3637	4
3638	1
3639	12
3640	1
3641	212
3642	362
6721	6
3649	1
3647	13
3651	1
3652	1
3654	1
3653	2
3655	9
3656	3
3657	1
3658	39
3659	38
3662	10
3663	1
3665	20
3666	144
3667	6
3668	1
3673	5
3674	2
3675	1
3676	1
3677	2
3678	17
3682	75
3683	6
3684	1
3685	2
3686	3
3692	8
3687	1
3688	4
3689	2
3690	1
3832	2
5481	5
7387	8
3693	1
3694	1
3695	1
3696	1
3697	1
3698	1
3700	2
3702	1
3703	1
3704	1
3705	3
3706	1
3707	1
3709	7
2067	3
3711	1
3712	1
3714	15
3715	1
3718	1
3719	14
3723	7
3722	2
3733	1
3571	45
3725	4
3727	1
3728	85
3729	11
3735	3
3730	1
3731	15
3742	3
3743	10
5133	5
3744	2
3746	1
3747	4
3749	4
3750	2
3751	11
3753	1
3754	6
3679	2
3757	1
3758	1
3759	1
3760	1
3761	2
3762	8
3763	3
3764	10
3765	1
3766	9
3767	16
3771	3
3774	1
3775	12
3777	11
4413	1
3779	2
3780	3
3781	1
3782	3
3784	1
3783	1
3786	99
5778	4
2975	2
3791	1
3797	3
3795	1
3794	46
3798	23
3799	6
3801	1
3802	8
3805	1
3810	1
3814	47
3815	20
3817	1
3823	2
3824	1
3827	2
3829	1
3821	2
3833	3
3834	1
3836	1
3837	1
3841	1
3839	5
3840	1
3844	1
3845	8
3848	1
3850	2
3851	2
3855	6
3858	1
3862	2
3863	5
3864	1
3865	2
3869	5
3870	2
3872	15
8038	4
3648	9
3876	3
3878	1
3877	13
3881	2
3882	1
3883	1
3886	1
3889	2
3890	3
3891	1
3894	1
3895	1
3896	1
3900	3
3901	1
3902	43
3904	1
3905	2
3906	1
3907	1
3909	1
5588	5
3916	42
3917	29
3918	4
3920	6
3923	1
3924	5
3925	7
3927	1
3928	2
3929	2
3930	5
3931	1
3932	4
3935	1
3936	1
3941	1
3943	1
3944	1
3947	3
3945	2
3948	26
3952	1
3953	1
3954	2
3955	3
3959	2
3960	23
3961	16
4886	1
3964	1
3965	89
3963	1
3966	1
3957	1
3968	1
7062	8
4966	34
6257	3
6278	5
3977	14
3978	2
3979	3
3981	1
3987	1
3982	20
3989	2
3983	4
3984	2
3990	1
3985	32
3986	1
3991	7
3992	2
3997	1
3998	2
4000	4
4001	28
4005	1
4006	2
4007	15
4008	7
4010	1
4016	2
4015	2
4019	2
4020	6
4023	3
4025	1
4026	2
4027	6
4028	1
4034	4
4035	1
4036	147
4038	1
6709	8
4039	9
4042	21
7149	7
4991	4
4045	257
4521	1
4046	89
7257	8
4048	1
4050	1
4053	2
4056	23
4057	1
4059	4
4061	1
4062	4
4063	27
4077	77
4064	1
4066	5
4067	1
4069	1
4079	4
4070	111
4073	115
5274	3
4074	33
4075	1
4080	1
4083	1
4082	15
4085	1
4089	3
4090	1
4091	1
4092	1
4095	2
4096	1
4097	1
4100	1
4108	1
4104	3
4105	1
4109	1
4106	1
4107	1
4116	12
4119	6
4120	3
4121	2
4076	86
6858	2
4122	1
4123	25
4125	2
4126	2
4128	9
4237	2
4129	2
4130	2
4131	1
4132	1
4133	2
4135	2
4136	26
4137	7
4139	1
4140	12
4141	5
4142	37
4143	1
4144	76
4145	2
4146	1
4147	2
4148	6
4149	2
4150	16
4151	84
4152	43
4153	1
4154	1
4159	2
4163	2
4164	3
4165	1
4166	1
4155	5
4167	1
4168	1
4169	9
4170	1
4174	1
4176	1
4177	1
4178	3
4180	1
3819	10
4184	1
4185	1
4186	6
4187	9
4190	2
4194	2
4192	7
4195	1
4197	7
4198	1
4200	5
4207	1
4208	2
4202	1
4203	1
4204	2
3995	57
4209	1
4205	5
4210	1
4206	1
5362	1
4215	2
4213	3
4214	9
4217	1
4222	41
4223	7
4224	17
4221	42
4225	1
4228	3
4232	3
4093	1
4236	1
4238	1
4240	1
4243	1
4244	1
4241	1
4242	1
4245	2
4246	1
4248	1
4249	1
4250	2
4251	1
4252	5
4229	4
4255	9
4257	2
4259	1
4260	1
4267	1
4275	5
4273	23
7315	12
213	1
4277	1
4274	1
4278	1
4279	1
4280	1
4282	6
4283	1
4284	1
4285	2
4291	4
4292	4
4295	17
4296	1
4304	1
4305	1
4308	7
4306	1
4307	3
4312	5
4313	5
4314	4
4316	8
4317	3
4318	3
4319	4
4320	2
4321	1
4324	8
4325	3
4326	7
4327	2
4328	1
4329	12
4333	2
4334	1
4336	1
4337	1
4345	2
4346	1
4340	1
4342	10
4343	7
4347	55
7952	9
8090	8
4344	3
4348	1
4352	1
4353	80
4354	6
4357	1
4358	1
4360	1
4364	39
4362	1
4363	22
4366	2
2028	1
4368	1
4369	2
4371	6
4370	1
4372	1
4375	3
4377	11
4378	1
4383	4
4379	5
4380	1
4381	1
4382	1
4393	1
4394	1
4399	1
4322	1
4395	3
4396	1
4397	1
4398	9
4404	1
4408	1
4405	1
4414	1
4415	17
4416	11
4423	1
4425	2
4426	5
4427	1
4428	12
4429	12
4430	6
4431	4
4433	24
4434	2
4436	2
4437	70
4438	6
4439	1
4440	6
4442	18
4443	7
4444	1
4445	1
4446	2
4447	14
4449	1
4451	9
4452	1
4450	1
4454	1
4455	22
4539	1
4456	4
4457	1
4458	2
4459	4
4460	2
4461	2
2047	1
4462	1
4464	1
4465	4
4467	1
4469	1
4470	1
4473	1
4474	2
4477	2
4476	16
8139	4
4478	1
4475	1
4479	1
7292	2
4493	1
4486	20
5726	1
4494	1
4495	1
5955	3
4489	15
4490	1
4496	3
4491	1
4497	1
4504	2
4502	2
4503	1
4492	2
4508	1
4509	11
4511	15
4498	1
4516	1
4523	1
4524	9
4526	5
4533	3
4535	5
4538	1
4540	1
4541	1
4542	9
4544	2
7434	7
4543	2
4545	1
5434	5
5570	4
4553	3
4554	1
4555	1
4556	1
4560	3
4563	11
4564	33
4565	2
4566	3
4567	2
4568	1
4569	1
4575	2
4576	10
4577	2
4581	3
4582	5
4586	9
4592	6
4593	1
4594	1
4595	3
4596	1
4597	1
4598	71
4599	1
4602	2
4601	1
4603	1
4608	1
4607	1
4609	2
2841	1
4611	1
4612	1
4615	1
4616	7
4617	1
4618	4
4619	1
4622	1
4623	2
4624	2
4629	1
4626	5
4627	1
4630	4
4487	31
4633	12
4636	1
4638	1
4640	2
4641	1
4644	1
4649	1
4651	2
4652	8
4655	2
4635	1
4659	3
4660	1
4663	10
4664	6
4647	11
4665	9
8043	5
4672	2
4667	1
4673	96
4668	1
4669	13
4670	1
4671	7
4674	3
4681	20
4683	1
4682	14
4686	57
4688	59
4693	2
4692	1
4694	1
4695	1
4696	1
4697	1
4698	1
4699	1
4700	1
4701	1
4702	1
4703	1
4704	1
4705	3
4707	1
4708	1
4710	8
4711	1
4714	3
4716	1
2621	8
4718	46
4721	2
4720	1
4723	1
4725	36
4726	15
4727	1
4733	4
4736	1
4675	1
4742	2
4737	3
5838	4
4738	1
4739	11
4743	2
4745	2
4740	1
4744	2
4746	18
4741	3
4749	3
4750	3
4751	4
4754	1
4752	1
4753	1
4755	1
4756	34
4757	6
4759	1
4760	7
4761	1
4762	1
4763	1
4765	4
4771	3
4766	1
4773	1
4774	13
4782	2
4785	1
4787	1
4788	20
4789	2
4790	1
7909	2
4793	2
4794	1
4799	2
4800	1
4803	1
4804	1
4805	2
4806	1
4807	1
4810	1
4813	46
4816	1
4817	1
4818	28
4819	1
4821	2
4823	1
5310	2
4825	2
4826	1
4829	78
6856	1
4830	1
4832	7
4857	1
4833	6
4834	1
4835	1
4836	1
4837	2
4838	2
4839	1
4840	4
4858	1
4841	1
4842	2
4843	24
4844	2
4859	30
4860	2
4845	1
4847	1
4848	1
4849	2
4850	3
4861	1
4862	4
4851	3
4852	3
4863	1
4853	5
4854	2
4855	2
4856	3
4867	1
4868	1
4873	1
4801	1
4871	1
4869	1
4874	3
4870	2
4872	1
7557	13
4881	4
4882	3
4883	5
4885	4
4889	2
4890	1
4891	7
4893	5
4894	79
6088	3
4898	11
4900	1
4901	2
4903	2
4904	2
4905	1
4923	3
4906	2
4908	1
4924	10
4909	2
4910	2
4911	1
4912	2
4913	1
4914	2
4915	6
4916	1
4917	1
4918	1
4925	2
4919	1
4920	2
4926	7
4921	1
4922	2
4931	1
4932	2
4933	3
8028	4
4935	1
4936	2
4937	17
4943	31
4945	1
4947	10
4948	214
4950	1
4951	1
4952	3
4957	1
4960	8
4963	13
7204	3
7243	12
4965	1
4967	361
5880	3
6661	7
6950	5
4969	1
4970	8
4971	1
4972	2
4973	8
4974	44
7642	12
4975	2
4976	23
2346	4
4978	1
4979	1
4982	43
4985	1
4988	23
4989	7
4995	1
4996	1
4864	4
5000	1
5001	1
5003	2
5005	1
4897	1
5006	28
5008	27
5009	14
5010	4
5011	10
5013	7
5016	10
5017	9
5018	1
5019	1
5024	4
5029	26
5031	1
5032	2
5035	1
5036	4
5038	5
5039	7
5040	3
5046	2
5047	1
5048	6
5051	8
5052	1
5053	52
5054	2
5057	1
5059	26
7318	3
5060	3
5062	1
5063	1
5065	1
5069	5
5067	2
5068	10
5071	1
5077	1
5078	3
5145	1
6778	3
8277	4
5080	3
5081	5
5084	1
5085	4
5086	1
5087	1
5088	1
5089	8
5090	3
5091	1
5095	3
5097	1
5099	14
5098	2
7297	1
7365	4
5102	54
6681	2
5104	3
5105	1
5109	1
5111	7
5110	84
5112	1
5114	4
5665	1
5116	1
5117	2
5118	13
5119	18
5122	1
5127	1
5128	1
5129	1
5124	1
5125	54
5050	11
5126	3
5135	1
5136	1
5138	1
5139	11
5142	4
5150	13
5151	3
5152	4
5153	5
5154	3
5158	1
5159	1
5160	12
5161	1
5167	1
5163	1
5164	2
5166	48
5171	41
5172	29
5173	122
5174	6
5175	35
5177	102
7653	8
5180	49
5181	41
5183	1
5184	68
5185	152
5186	2
5187	31
5754	2
7498	9
7913	5
5190	80
5191	10
5192	1
5194	10
5195	4
5196	32
5197	3
5198	6
5201	15
7520	10
5202	2
5203	15
5207	13
5209	1
5213	1
5214	1
5216	1
5217	21
5218	1
5219	1
5220	1
5221	1
5224	1
8058	2
5227	1
5228	1
5225	1
5229	1
5230	1
5232	2
5238	3
5242	1
5244	1
5241	2
5243	19
5250	14
5247	2
5248	2
5249	1
5252	1
5251	1
5261	2
4407	1
5265	1
5275	2
5276	9
5277	1
5278	1
5280	1
5281	1
5282	4
5283	2
5287	1
5284	2
5286	10
5290	1
5291	1
5294	1
5299	1
5300	1
5313	12
5314	1
5315	1
5316	24
5317	18
5320	11
5322	1
5324	16
5328	1
5329	2
5330	1
5333	3
5332	6
5334	7
5336	3
5339	10
5337	1
5342	30
5343	2
5344	3
5345	1
5346	1
5347	2
5348	1
5352	3
5353	1
5355	1
4591	2
5356	1
5357	1
5358	1
5264	7
5360	15
5361	6
5365	1
5366	2
5367	1
5370	1
5371	1
5372	1
5373	1
5374	1
5376	1
5377	1
5380	2
5381	4
5382	19
5385	1
5386	3
5390	2
5391	37
5395	1
5397	1
5398	2
5405	4
5399	8
5400	4
5401	3
5413	1
5414	1
5416	1
5418	1
5424	2
5419	9
5422	1
5427	37
5428	3
5429	1
5431	1
5435	1
5436	1
5438	1
5440	2
5643	13
7359	7
5446	26
5447	2
5448	3
5456	2
5455	8
5460	1
5461	1
5468	10
5472	16
5473	1
5474	8
5475	2
5476	1
5477	1
5478	9
5480	3
5483	1
5485	21
5486	1
5488	1
5489	12
5490	1
5491	1
5494	1
5495	4
5496	1
5462	19
5497	1
5501	3
5504	2
5505	1
5507	1
5508	1
5510	1
5512	2
5515	7
5516	2
5517	1
5518	1
5519	1
5520	2
5521	3
5522	1
5523	1
7740	11
5525	1
5526	6
5530	1
5531	243
5528	6
5532	26
5534	14
5535	1
5536	3
5537	1
5193	18
5540	3
5541	1
5542	1
5544	4
5548	1
5549	10
5550	11
5551	8
5554	1
5552	8
5553	46
5555	1
5558	3
5561	1
5562	13
5565	3
5566	1
5567	1
5571	1
5572	1
5573	1
5577	8
5576	1
5578	1
5579	2
5580	2
5581	2
5583	2
5587	1
5589	11
5591	27
5594	1
5595	1
5598	1
5599	1
5600	8
5601	2
5602	1
5603	3
5604	7
5606	28
5607	1
5608	16
5612	66
5609	1
5610	2
5611	1
5613	1
5615	3
5616	15
5617	22
5622	2
5396	12
5627	3
5782	1
5625	1
5628	1
5629	1
5633	1
5644	21
5636	1
5645	1
5646	2
5648	1
5649	2
5652	1
5653	1
7246	8
7273	3
7534	2
5656	5
5657	2
5658	10
5659	1
5660	2
5661	3
5662	4
5668	4
5647	8
5666	5
5667	5
5669	1
5670	2
5674	1
5675	8
5676	1
5678	1
5679	1
5682	1
5686	3
5685	1
5687	1
5688	1
5689	1
5690	1
5691	49
5692	21
5695	1
5698	1
5696	50
5702	10
5703	1
5704	4
5708	7
5707	4
5710	1
5711	1
5712	1
5717	1
5718	1
5720	3
5722	3
5729	1
5730	1
5731	2
5733	1
5735	1
5741	13
4418	1
5744	1
5746	1
5750	4
5747	2
5748	1
5749	2
5751	1
5752	1
5755	1
5761	9
5763	4
5764	1
5765	1
5766	1
5767	1
5768	13
5769	4
5770	6
5771	9
5774	1
5781	1
5783	23
5785	2
5786	1
5787	32
5788	5
5789	1
5794	1
5796	191
5797	3
7583	4
8271	3
5803	2
6756	1
7533	5
5805	16
5808	6
5810	29
5813	2
6987	1
7508	4
5815	5
6871	1
5816	84
5820	20
5821	22
7690	1
5823	12
5833	1
5834	6
5842	1
5840	1
5841	1
5836	11
5846	3
5852	1
5853	1
5854	1
3788	2
5855	8
5856	1
5857	92
5859	16
5861	2
5862	24
5864	1
5866	1
5868	3
7506	1
5873	6
5874	1
5875	1
5876	1
5877	7
5878	1
5883	2
5884	2
5885	3
5888	1
5889	1
5890	5
5590	5
5892	2
5895	1
5896	10
5899	2
5070	4
5903	1
4767	14
5907	1
5911	2
5908	19
5909	2
5913	5
5915	52
5916	9
4927	1
5914	2
5917	1
5919	2
5920	10
5921	4
5923	3
5924	1
5927	10
5930	3
5934	42
5935	11
5937	1
5938	2
5942	4
5939	3
5940	13
5941	1
5944	1
5945	9
5946	4
5952	14
5962	2
5964	1
5958	3
5966	7
5959	1
5960	4
5093	1
5961	11
5970	1
5971	1
5981	6
5982	4
5983	1
5984	10
5985	1
5986	1
5987	1
5988	4
5989	1
5990	1
5992	1
5993	3
5997	2
6791	1
5967	1
5999	20
8276	9
6005	1
6003	1
6641	2
6007	6
6013	3
4409	7
6014	1
6015	3
6016	10
6017	2
6018	1
6019	1
6020	25
6024	17
6022	1
6002	1
6025	1
6026	3
6028	1
6030	1
6031	2
5978	1
6033	1
6034	1
6036	1
6037	1
6035	1
6038	6
6039	1
6042	1
6045	7
6046	2
6048	1
6049	3
6050	1
6051	1
6052	1
6053	1
6056	1
6057	1
6058	1
6060	1
6061	1
6062	2
6063	1
6064	4
6066	1
6070	3
6071	3
6072	54
6067	1
6068	32
6069	5
6073	1
6074	1
6075	18
6077	1
6079	1
6081	3
6082	18
6089	1
6090	1
6091	1
6092	1
6093	5
6100	1
6101	1
6108	4
6116	2
6112	1
6113	1
6114	2
6118	2
6119	3
6120	1
6121	2
6126	11
6129	1
6128	2
6127	3
6133	4
6134	7
6135	2
6141	1
6142	1
6143	1
6144	1
6145	1
6146	9
6147	1
6150	1
6152	1
6153	1
6155	1
6158	1
6157	3
6160	3
6165	4
6168	1
6169	3
6175	1
6176	3
6177	2
6178	1
6179	7
6180	3
6196	2
6197	2
6181	1
6182	3
6183	1
6184	2
6185	1
6186	1
6187	1
388	1
6188	1
6199	1
6200	6
6201	2
6202	3
6203	1
6204	12
6190	3
6205	1
6206	1
6207	4
6191	1
6192	2
6208	3
6193	1
6212	3
6213	3
6214	1
6215	1
6216	5
6217	31
6219	4
6220	18
6224	1
6222	1
6223	17
6230	2
6228	1
6232	3
6236	1
6239	5
6240	1
7590	3
6242	5
6244	1
6245	8
6247	1
6248	10
6252	2
6253	1
6254	1
6258	1
6259	1
6263	4
6264	1
6265	1
6266	1
6267	1
6271	11
6273	1
6274	9
6275	1
6276	1
6282	1
6281	1
6286	3
6287	1
6288	1
6291	1
6292	1
6293	1
6294	1
6297	1
6295	3
6301	1
6304	1
6312	3
6313	2
6314	10
6315	1
6319	2
6132	2
6317	5
6324	6
6325	5
6326	2
6331	3
6332	1
6333	2
6339	3
6346	17
6348	1
6349	1
6350	1
4406	1
5995	2
6355	1
6356	2
6359	81
6298	7
6366	1
6351	1
6371	1
6374	1
6375	1
6377	17
6378	2
6379	1
6380	4
6381	3
7215	3
6383	3
6387	1
5965	3
6389	1
6391	1
6392	1
6393	1
6394	8
6399	1
6395	1
6396	1
6397	1
6398	29
6406	2
6408	3
6410	1
6411	1
6412	1
6413	1
6415	4
6416	2
6983	1
6423	1
6426	1
6429	1
6428	3
6430	1
6431	1
6436	3
6439	1
6440	3
6443	70
6444	1
6448	1
6445	7
850	4
6446	1
6450	1
6451	1
6452	2
6453	1
6454	1
6455	1
6456	3
6457	2
6459	2
6461	6
6466	1
6467	8
6468	1
6469	2
6470	1
6471	5
6477	1
6479	13
6478	1
6480	1
6483	28
6484	10
6485	1
6486	85
6487	4
6488	22
6489	2
6490	2
6492	2
6493	1
6494	101
8025	4
6495	2
6497	1
6500	8
6502	12
6504	7
6506	1
6507	1
6508	1
6509	1
6510	54
6513	1
6514	1
6515	1
6516	1
6517	2
6518	33
6519	1
6520	2
6521	1
6522	29
6524	8
6525	17
6526	11
6527	1
6460	58
7765	2
6533	1
6534	1
6537	5
6535	1
6538	21
6539	1
6536	2
6541	1
6542	1
6544	1
6545	5
6546	2
6547	1
6548	10
6550	9
6561	3
6565	1
6572	1
6573	1
6574	1
6575	1
6563	58
7840	4
6577	10
6578	1
6579	1
6580	1
6586	1
6581	1
6582	1
6583	1
6587	1
6584	1
6588	1
6585	1
6598	6
6601	1
6602	1
6603	1
6604	1
6605	10
6607	4
6608	18
6612	7
6619	104
6614	2
6615	160
6616	18
6617	1
6622	5
6623	1
6625	3
6627	50
6626	9
6630	1
5943	1
6636	2
6633	1
6635	9
6639	1
6643	2
6644	1
6645	2
6646	4
6647	1
6655	7
6648	3
6649	26
6650	1
6651	1
6652	1
6653	1
6654	1
6656	1
6657	11
6658	5
6609	7
6660	1
6551	2
6666	6
6671	4
6672	1
6673	1
6674	1
6675	1
6676	6
6677	1
6678	1
6679	1
6683	3
6684	1
6687	1
6688	1
6689	1
6690	1
6695	2
6696	2
6697	1
6698	1
6701	1
6702	10
6703	1
6705	1
6706	3
6710	2
6711	7
6713	4
6718	1
6717	4
6719	3
6727	1
6728	1
6729	1
6730	1
6731	1
6732	1
6734	2
6735	1
6738	1
6744	2
6745	1
6746	2
6749	1
6751	2
6757	1
6726	12
6752	1
6753	4
6758	10
6760	2
6761	1
6764	1
6766	22
6767	2
6768	1
6771	2
8021	3
6775	3
6773	1
6779	3
6781	8
6782	1
6787	1
6793	1
6794	1
6795	2
6797	1
6798	1
6800	1
6801	6
6802	3
6804	6
6808	1
6807	1
6810	1
6812	2
6811	1
6815	4
6816	1
6818	2
6819	1
5269	1
6821	1
6822	2
6824	1
6776	3
6828	1
6829	4
6834	2
6835	1
6836	1
6837	1
6841	2
6842	1
6843	1
6844	1
6845	2
6846	6
6848	14
6847	1
6852	1
6854	1
6859	11
6620	93
6861	2
6862	1
6863	2
6864	2
6866	4
6867	5
6865	19
6870	3
6876	1
6877	1
6878	1
6880	2
6881	1
6883	4
6884	1
6885	19
6747	4
6886	7
5410	1
6895	6
6896	4
6899	2
6900	31
6902	28
6903	1
6905	1
6915	2
6906	49
6908	1
6909	1
2415	4
6910	1
6916	54
6911	5
6912	3
6921	1
6922	1
6926	1
6927	1
6928	1
6929	1
6935	2
6936	1
6940	1
6941	57
6943	1
6949	5
6947	1
6954	3
7636	1
7881	2
7991	2
8007	5
6959	5
6692	6
6958	2
6960	1
6961	2
6962	1
6963	1
6968	1
6969	1
6316	19
6971	6
6972	1
6974	2
6975	10
6978	1
6981	1
6984	7
6985	1
6990	1
6991	18
6995	1
6996	1
6998	1
6999	1
7000	1
7001	1
7002	2
7003	1
7004	1
7006	1
7007	1
7008	1
7009	1
7010	1
7011	3
7013	1
7014	2
7015	1
7016	1
7017	1
7018	1
7019	4
7020	3
7022	1
7024	3
7025	1
7026	13
7027	1
7028	1
7029	2
7031	1
7033	2
7032	1
7035	2
7036	2
7037	1
7041	1
7043	14
7044	3
7051	1
7045	36
7053	31
7046	21
7055	98
7048	1
7056	37
7049	27
7057	118
7030	2
7061	3
7064	3
7065	1
7038	7
7072	1
7070	2
7071	4
7079	1
7080	70
7797	1
7082	1
7085	1
7087	2
7086	123
7084	1
7090	11
5015	14
7089	2
7096	5
7095	1
7098	1
7099	18
7100	15
7103	1
7104	15
7106	4
7107	2
7109	2
7111	1
7112	1
7113	12
7114	1
7118	1
7117	7
7121	7
7123	1
7122	1
7124	1
7125	1
7127	2
7128	2
7129	11
7136	2
7130	2
7137	1
7126	3
7132	30
7133	1
7138	2
7134	3
7139	3
7140	1
7135	1
6986	1
7142	4
7145	1
7151	1
7153	12
7154	1
7155	1
7156	1
7157	1
7160	1
7158	1
7159	1
7163	2
7164	4
7165	3
7166	1
7167	1
7172	2
7173	2
7174	1
7175	2
7178	2
7179	2
7176	4
7177	1
7183	9
7184	2
7187	1
7188	14
7189	3
7190	1
7191	1
7192	1
7193	1
6889	5
7194	1
7195	1
7197	1
7198	8
7203	1
7205	1
7206	1
7210	1
7211	1
7212	1
7217	1
7219	1
7218	1
7220	1
7221	1
7223	1
7226	4
7227	12
7228	7
7229	7
5143	16
7230	4
7231	101
7232	1
7234	1
7235	1
7236	23
7239	21
7240	1
7241	21
7245	1
7251	1
7252	1
7253	4
7255	1
7260	3
7265	1
7266	6
7267	1
7268	1
7269	1
7270	5
7271	3
7276	5
7278	4
7282	2
7283	1
7284	2
7285	1
7286	1
7287	1
7291	1
7293	4
5949	3
7296	1
7298	2
7299	1
7300	1
7302	2
7305	1
7171	9
7309	1
7310	1
7317	15
7320	1
7294	39
7326	1
7327	6
7281	12
7329	2
7333	1
7330	2
7332	1
7335	15
7336	1
7337	1
7342	1
7345	1
7343	12
7344	3
7347	1
7348	2
7349	1
7350	21
7352	15
7353	1
7354	4
7355	1
7360	1
7363	1
7371	2
7374	1
7377	1
7379	7
7380	3
7357	9
7199	2
7382	1
7383	2
7390	24
7392	1
7321	3
7394	5
7170	1
7401	3
7402	5
7403	1
7404	1
7405	18
7409	10
7413	2
7416	1
7417	2
7418	2
7419	1
7420	1
7421	9
7424	4
7425	7
7426	2
7427	1
7428	2
7429	1
7430	1
7431	1
7441	3
7444	3
6139	1
7448	1
7445	1
7446	1
7447	1
7451	1
7452	3
7453	1
7181	2
7180	4
7454	1
7455	4
7456	1
7457	1
7458	1
7459	1
7461	1
7462	1
7465	1
7467	2
7466	1
7473	1
7474	1
7468	1
7469	1
7476	2
7477	1
7470	1
4532	8
7480	1
7481	1
7482	1
7483	1
7484	3
7485	1
7486	1
7487	1
7492	3
7494	1
7495	1
7501	1
7502	3
7503	1
7505	1
7509	1
7471	9
7511	16
7514	3
7515	1
7513	1
7518	3
7376	4
7522	1
7523	1
7524	1
7525	1
7527	1
7528	1
7531	1
7538	1
7540	1
7535	1
7536	1
7537	1
7549	2
7545	1
7546	3
7550	1
7554	3
7563	1
7564	31
7415	6
7150	10
7565	3
7569	4
7570	3
7571	1
7572	1
7576	1
7577	1
7578	28
8165	1
7579	9
7580	19
7581	1
7585	1
7586	7
7594	4
7595	1
7597	4
7598	33
7599	1
7600	1
7602	1
7605	3
5910	1
7608	2
7610	1
7611	1
7613	1
7609	2
7614	39
7615	1
7616	1
7617	1
7619	1
7623	3
7625	6
7626	1
7630	1
7629	1
7639	1
7638	1
7601	3
7644	1
7645	1
7986	1
7659	6
7660	1
7650	2
7661	4
7663	1
7664	1
7665	6
7670	1
7676	5
7677	12
7678	2
7679	26
7682	36
7684	2
7685	13
7687	3
7686	2
7696	4
7697	19
7698	1
7703	2
7704	1
7705	1
7706	2
7715	1
7716	2
7719	4
6367	2
7717	2
7720	1
7721	1
7724	2
7728	2
7727	30
7729	1
7732	1
7733	45
7736	2
7737	1
7738	6
7741	4
7742	1
7743	13
7744	50
7745	1
7747	8
7750	2
7751	1
7752	2
7753	2
7755	13
7756	2
7758	1
7759	4
7760	1
7761	1
7762	1
7766	13
7767	2
7768	11
7769	19
7770	2
7771	3
7772	20
7773	1
7774	35
7775	11
7777	1
7779	2
7780	3
7781	1
7782	1
7783	1
7789	1
7790	4
7792	7
7796	1
7800	1
7804	1
7801	1
7805	1
7802	1
7806	2
7808	12
7812	6
7814	1
7815	2
7818	23
7821	1
7822	1
7826	1
7827	1
7828	1
7829	4
7830	1
7831	2
7832	1
7834	1
7836	1
7837	2
7841	1
7842	2
7843	2
7844	1
7845	2
7848	1
7849	1
7852	1
7850	1
7851	1
6638	1
7853	2
7854	1
7856	7
7754	1
7863	1
7864	2
7865	24
7866	1
7867	1
7868	1
7870	1
7873	6
7875	2
7877	6
7878	1
7885	6
7883	1
7884	5
7886	1
7887	1
7888	1
7889	1
7891	1
7892	1
7893	2
7372	1
7894	1
7900	27
7901	30
7902	21
7903	4
7904	6
7905	1
7906	10
7907	12
7911	1
7869	1
7914	1
7915	1
7916	2
7919	3
7920	1
7922	1
7923	1
7925	1
7930	1
7929	4
7932	2
7933	4
7931	2
7934	1
7935	1
7937	1
7938	2
7939	1
7940	1
7941	1
7942	1
7944	1
7945	5
7948	2
7949	1
7950	1
7953	1
7954	1
7955	1
7956	1
7959	1
7960	1
7964	11
7966	1
7968	3
7969	2
7967	4
7970	1
7972	1
7973	1
7974	1
7975	1
7976	1
7978	1
7980	15
7981	1
7982	1
7985	1
7993	2
7995	1
7998	1
7999	1
8000	1
8001	1
8005	2
8006	1
8009	1
8010	2
8011	1
8012	7
8013	1
8014	1
8015	1
8020	1
8027	1
8035	1
8036	19
8040	1
8041	3
8045	7
8046	16
8047	20
8048	3
8049	1
8052	1
8053	20
8054	2
8055	1
8056	1
8057	1
8060	5
8061	5
8062	1
8063	3
8064	1
8065	1
8066	3
8069	4
8070	1
8071	1
8072	1
8074	1
8076	2
8075	1
8077	2
8080	1
8081	1
8023	1
8084	1
8085	16
8086	1
8087	1
8088	2
8089	1
8091	1
8092	5
8093	1
8094	4
8095	1
8096	1
8098	1
8099	1
8100	1
8101	1
8102	1
8108	1
8103	1
8104	1
8105	1
8111	2
8112	2
8106	1
8107	13
8114	1
8115	1
8109	1
8110	1
8118	1
8119	1
8120	1
8126	1
8131	2
8133	1
8135	1
8138	1
8136	1
8097	2
8137	1
8140	1
8142	1
8144	1
8145	2
8146	2
8147	1
8152	10
8153	1
8155	1
8156	5
8158	1
8159	1
8157	2
8161	1
8162	9
8166	1
8167	1
8170	1
8171	3
8172	1
8173	7
8177	1
7472	1
8179	1
8184	1
8180	1
8181	1
8182	1
8183	1
8187	1
8189	4
7861	2
8190	4
8193	2
8194	1
8195	1
8196	1
8197	1
8199	1
8202	1
8203	1
8206	1
8205	1
8211	11
8213	1
8215	1
8216	1
8221	1
8222	6
8231	1
8232	1
8233	1
8236	1
8214	1
8238	1
8241	2
8242	1
8243	6
8244	1
8245	1
8248	1
8229	1
8251	1
8252	1
8253	1
8254	1
8255	1
8256	1
8260	1
8261	1
8262	1
8264	1
8265	1
8266	1
7637	1
8270	2
8272	1
8273	1
8150	2
8274	1
