UserId
5452
7323
5177
1127
6596
3089
7054
7598
3956
1389
5563
1183
6
1836
6899
4099
5189
4712
626
813
2546
1608
3755
3691
6021
2338
1614
3346
6302
4967
11
3796
586
6218
959
922
6148
1393
1034
1555
1020
2535
3092
3452
4797
6
3465
2290
1230
4574
2667
2323
618
6615
686
6327
1492
7688
1549
2871
1044
935
5801
7662
1594
525
68
4448
2410
6347
1137
6714
3812
6552
5739
2174
2456
5819
4398
72
5691
4666
6907
1053
5181
1352
312
74
1855
2815
3995
2593
4044
5529
7054
3243
7511
827
3352
2120
407
457
2371
4183
1816
6320
1733
2819
3291
707
3402
3614
2193
1184
988
2808
6327
5651
5816
2871
1125
3024
1031
173
3032
11
3803
2516
171
4310
122
766
6649
7052
5801
650
7119
2576
2620
2237
733
6832
172
3642
1373
1896
3238
4483
1473
1166
3443
2765
1211
4065
5412
5445
5559
5072
7047
1482
2246
6032
5862
7910
8037
7055
7839
6080
3830
4191
1726
1717
1011
3033
7511
2785
2972
3024
1159
3114
3568
650
1997
6443
4487
3173
1041
3381
109
374
3557
6337
988
6151
1717
5814
2298
3103
3466
1594
5640
1799
1835
4354
1982
3473
2479
7280
2592
6
1980
5055
3691
1080
7632
1814
2256
922
2692
1680
6435
5204
2018
2932
5800
7498
4256
764
4666
290
3073
967
5189
6422
2967
5022
103
7553
908
1319
3769
465
2328
3346
6832
993
4828
2264
4037
6442
2713
2703
7386
1296
3548
5171
2688
5932
2863
1972
109
3459
7874
1250
7073
3055
6624
2785
5079
5254
4401
3309
1166
3522
6699
3562
985
1919
2940
1679
5106
5827
7733
7450
1592
1241
2754
4828
400
954
274
4483
896
7778
3410
6032
1374
2118
620
1679
6262
8163
2225
158
3297
7038
3798
1385
20
1201
3967
457
8124
3352
1261
403
1566
8292
4269
5457
2365
2565
1608
2531
2565
6930
3010
1166
1074
8163
6494
1305
1374
5479
432
3642
2326
3453
2381
4600
3641
6875
3381
1468
2657
993
1051
218
1389
4199
6422
2619
3453
3253
2909
5037
3561
2328
8
2655
616
993
7525
2135
2168
4662
1991
3813
3084
2593
144
3498
1297
762
4383
3615
2688
5083
3026
3958
1992
2120
4551
4361
859
760
3250
7391
766
2654
6765
2981
4662
2456
5179
5055
879
1098
5543
4983
2264
1538
2485
2775
2560
825
407
2805
1849
5036
1202
4833
5773
5058
8163
5814
3027
697
2506
5321
11
3024
2593
2120
2565
2485
7741
54
4361
5022
4574
86
4530
3642
6736
6323
5871
6347
1549
5798
5868
722
155
3015
81
2565
2280
3346
4385
5199
3615
42
3055
1210
1549
2565
2322
6784
5950
3084
147
2964
1774
1538
4361
271
2593
7104
699
5683
5800
825
737
180
1062
5799
3380
317
3691
2356
6934
2711
1700
2593
232
4828
3453
1587
5973
6976
71
717
4797
1279
647
2411
6736
996
3140
2229
2252
839
299
4055
6772
5079
7047
4310
3033
7648
4875
4046
6955
4055
1718
1333
857
1374
1055
6337
650
2967
2763
741
3958
6634
1614
1013
14
4138
1723
1566
3466
2241
5432
6628
2508
748
2364
974
5106
1004
546
4045
853
6762
308
11
861
2605
3433
1210
103
823
2145
784
2565
3800
2397
2688
215
10
215
756
3453
6914
8203
86
7120
7145
285
5802
28
1688
358
1353
854
29
1859
5891
1969
7054
6496
730
2651
559
2290
1167
4632
415
6846
1836
6576
1129
231
1128
4046
6620
3815
2972
1026
1186
3402
667
109
5179
4136
6621
4266
6897
3457
967
5798
1260
2922
19
3352
3
1783
968
1726
549
3443
311
2973
5862
3614
313
122
1717
1103
6560
3171
5182
2851
8168
930
4290
82
3456
3352
315
1641
3516
4425
762
1649
7378
1496
2095
5226
6414
15
7620
5173
971
93
5857
6523
611
6993
1608
36
5827
1353
3459
1496
313
4653
5335
4056
7478
4547
4811
29
4219
3650
2507
6505
5365
7744
3380
74
16
637
255
5812
128
7120
87
4796
2688
1199
6832
2510
457
2713
5651
2325
789
1613
8290
6875
5189
7422
5465
2625
4662
4815
3433
4144
3562
2091
4041
3010
6098
5445
3976
1649
6627
934
695
993
1915
23
3381
756
6869
5714
3291
2660
5796
7294
4828
3265
5474
6832
3459
7553
173
5802
6123
706
634
5022
11
3615
376
7646
5511
5743
3660
4448
1437
2658
1542
1012
127
3089
4073
6780
3958
3459
2237
24
56
2565
47
854
4653
1133
3451
4297
590
6916
1566
2066
5811
3417
1291
6596
243
6528
4342
5198
1192
923
2267
7578
1151
127
978
9
1319
1286
3516
5254
3408
1489
259
7153
816
3453
1506
4960
1783
417
6305
722
2328
857
6951
5531
998
3571
765
5254
7386
7965
6156
3897
222
391
6555
628
6624
2964
663
6566
922
7697
3547
6496
7225
3150
86
3830
2474
5934
26
6976
2777
5969
2871
1868
5273
4574
784
1522
7691
6914
7286
1029
166
1564
3102
2206
5802
3394
255
1641
4040
1966
766
600
665
5487
2608
7587
1585
1374
1210
269
803
33
308
5059
1594
1152
8291
5029
1857
1525
5254
1772
3026
5804
1111
6323
4009
298
7104
3809
764
3276
5028
3092
4056
3645
3642
3720
1612
1018
737
1571
6501
691
5863
3456
791
2613
5800
4162
1221
665
4013
395
1046
3144
232
6328
6608
290
2237
5790
2256
1261
5839
7578
2256
2159
3611
6330
7510
6327
2033
3029
5848
2469
4530
1166
3032
7026
1248
556
2872
4138
1496
3394
1492
2507
5902
122
3130
5222
2079
556
2128
1098
1026
2338
1296
2117
2972
4463
4099
4310
2256
36
5908
1726
3537
2369
15
5543
4999
6685
457
4547
2485
280
2912
5804
204
633
1133
371
3452
549
7733
2332
87
7583
86
3394
4173
6914
5323
988
1967
4041
5824
1211
1972
5902
1614
3447
908
68
2594
6323
6570
2604
1042
7620
4191
2118
1808
4040
4846
6148
1324
351
3449
1754
2658
1142
5022
825
4315
4162
6615
2233
1979
2264
7927
7910
3291
3480
358
5739
6634
4036
3447
6192
1062
5922
3117
4600
3642
1641
75
4564
5404
1098
3460
2932
4735
4297
8128
5773
7879
2398
1608
2912
4037
2516
2237
4528
7057
1049
3867
8121
1510
2565
1566
2411
2411
7046
1969
4221
2840
1137
1644
2501
1532
2328
1711
2657
8297
5179
5485
7116
3160
275
7386
3457
6686
2560
5445
2229
2231
1151
1385
3634
1556
5582
5524
993
1470
4037
6510
766
2516
3642
3073
6907
6013
3009
1240
5738
86
6923
2993
6496
4717
979
3393
2708
1608
4365
2328
310
1310
4076
3642
214
4219
543
7199
1160
1794
5176
2822
363
4063
647
2356
1374
312
379
1576
2658
2264
1156
988
21
5658
4266
904
3388
2565
3683
5947
3463
2688
1137
1637
5532
6272
356
5559
5484
3541
3348
2713
3634
6044
68
5775
2998
5103
7675
1166
4653
1359
2925
6302
1730
2754
261
2535
2979
7047
7449
1142
2016
3455
1129
1549
856
1024
3207
11
7317
6006
3642
2323
1678
3033
1286
157
4124
4045
3631
3029
5738
1521
3642
560
896
3455
3842
1465
1514
5637
993
6006
4875
2972
6072
3813
4829
6280
2328
3478
1428
1990
4662
166
4076
5998
109
20
6955
6665
2237
5144
906
7490
1521
2686
1125
3752
3771
2273
3453
290
6328
4712
7620
75
5432
1842
3032
650
7052
4795
1835
1487
173
2903
6156
331
5012
6337
2507
5222
5863
7238
3055
1125
2891
1893
5896
173
5176
4045
963
3459
6915
2255
3956
1612
3031
5178
2549
2071
2375
5684
4453
1165
1133
1098
7632
761
826
5696
3073
3307
6006
854
6777
2542
417
1847
5217
350
2576
153
3117
3615
391
7620
1583
8263
650
105
6044
2963
1315
2834
6252
4735
5188
87
1514
2619
4256
7229
4964
635
5140
996
6907
935
908
1734
2877
6460
3635
2237
2160
2256
4713
7115
2775
1350
3786
6566
39
5173
457
7237
1925
3642
1816
789
2231
4266
7890
5445
2880
6833
6023
1823
761
2411
742
425
2775
1185
3456
4631
7620
2585
4483
5254
3633
86
3095
7449
4764
4665
2097
3110
5426
322
1470
2651
2671
6441
11
2516
6217
1756
2569
2914
538
3005
7679
2506
5902
1748
80
5148
4764
5693
23
864
5002
2605
1385
626
5155
6946
1204
1411
1521
5844
5459
6900
813
162
689
23
3958
5083
7262
3252
6934
4488
6496
2366
1662
4666
3537
6245
5022
3014
766
6665
2497
6458
55
1133
3910
4127
6758
1549
6916
1633
7045
26
1156
7624
3
5454
312
6097
3526
1166
1279
5950
7119
5177
5804
872
5887
1772
1098
7620
11
647
2326
5110
5262
2593
5950
2297
308
1972
4024
6885
11
8294
290
4040
5789
135
7788
2332
2517
4653
5814
1888
346
5796
2102
1014
4315
766
4777
5404
3010
417
4014
2062
4967
759
1880
600
2700
706
2565
2435
488
415
3843
3726
6305
6533
407
1781
7647
373
5671
2617
1248
722
7086
2700
2972
7665
5802
1706
2912
1305
644
1133
143
796
842
5773
3352
1496
4353
4967
1418
5452
1407
4980
1781
844
6
7727
1679
1857
4319
6555
1310
5784
2297
3995
6832
1621
805
2264
6168
4792
3557
1395
2375
5605
3548
2470
7809
2667
608
6407
5430
2775
700
3459
4938
5484
2832
310
2375
86
3381
769
656
1847
7809
5188
2832
1762
3843
7131
3000
2688
1428
486
3435
825
956
4796
1279
4578
203
3140
3787
1492
2118
8
4828
151
4795
6001
7961
4051
6914
2595
26
7057
1032
737
5909
2010
7131
2871
3291
120
2535
2237
4071
3787
15
3843
2790
20
3030
3976
5222
4040
5743
1267
1049
988
429
3454
2341
2511
4899
759
2225
4967
1615
5553
4036
7890
2252
2226
1729
1393
4588
825
789
1700
731
2490
933
3258
5148
938
3110
2599
7378
1374
1691
4718
3274
6083
3962
1114
3026
4422
2014
2760
3076
5802
514
4960
5182
5189
1413
4347
778
1335
407
3024
2485
4531
5489
3457
742
6
2400
1043
1799
3447
334
2859
2592
1496
3020
1350
5189
1441
3381
6124
700
2066
1919
3449
766
6441
6552
1395
1070
147
2289
7697
4875
432
8019
2623
1133
4463
3439
1135
766
2323
2435
2157
7580
6488
4632
5051
2365
7924
315
3835
1043
4967
1525
299
310
737
4124
1935
1816
2667
3243
5839
1838
5100
4065
2240
663
1524
2831
2290
4151
130
5061
3976
937
1428
784
457
6953
4466
3291
3232
3453
4055
2323
5254
290
3537
6715
1648
5553
1783
3892
5463
2397
7604
4797
7961
1012
1497
3462
1378
2688
6596
138
4299
4211
2160
1098
4544
68
12
4894
2763
3481
2605
5181
1908
3192
356
4709
4664
813
4831
1649
4967
2118
2804
6632
7030
10
3604
6243
425
1413
1680
5335
3787
5818
1808
3140
1132
2172
1697
3856
3443
138
1035
3659
64
4574
5079
4256
3748
2660
5485
4012
5920
1482
981
5321
3417
2625
2264
4338
4897
5559
6190
4169
2988
3614
2541
60
4875
5176
1296
1167
2688
128
6360
7544
3642
664
1471
7890
89
2576
2651
1772
5072
5804
6615
7862
4488
3258
3614
1278
7561
7391
7047
5037
7744
3660
2343
7553
1595
4453
321
1248
4041
20
2145
1167
6624
737
766
3062
15
4077
5079
2368
1473
223
4987
3737
7924
2233
2658
995
1754
1734
2987
6360
176
5254
8121
1135
6780
3849
2623
3033
4688
3723
3450
5760
1395
3631
546
4604
4813
6327
2693
2133
1653
3607
1133
7662
3447
6347
6096
4212
6
8295
3180
1723
3352
1896
4666
1742
313
5806
2328
972
5406
15
4717
5559
816
2356
3910
4429
3095
6913
113
904
127
8291
35
2940
836
5739
871
895
1123
109
1465
1549
8291
372
36
4117
2713
4011
7162
228
2654
4310
3009
1723
691
2473
6006
259
1385
428
1031
3965
556
1310
766
26
3643
1026
2657
5818
4124
3498
3479
2688
1124
3748
2371
2667
6400
1903
3015
154
7632
5180
28
2542
825
3586
1697
6458
5732
3787
1918
3352
861
8283
4808
1935
2470
2411
1151
7289
192
3569
4256
1726
2834
4040
2658
2967
3800
2688
7614
4065
2618
3417
7052
737
2005
6914
1202
407
2264
4673
1253
2565
192
2594
3576
5445
9
5814
4550
1006
3
3031
650
71
3010
2256
1374
670
1374
1211
6560
1360
2490
6723
810
3636
2651
3081
3010
2332
2940
2623
5125
6464
7389
4483
4063
4953
5591
1956
1215
1098
3522
6833
7218
2186
7092
3835
722
5188
3453
5012
4335
6914
5934
1973
4587
5059
5110
1462
2889
2658
5061
849
1514
2565
6043
1555
2145
4808
3633
895
5489
7233
6229
2775
2256
3062
6951
2646
5817
2145
1470
2565
173
1492
2324
5524
5072
3519
2859
319
1969
4201
5563
958
5816
1259
3483
5412
4813
1772
4632
3607
5426
1600
8124
5760
2295
4179
3394
2371
5446
5638
5798
2485
2065
2831
308
4688
837
5430
4079
7049
6518
6980
7047
6595
113
1772
2653
6620
3144
457
3958
4818
5263
3641
274
6505
6
3607
1492
3144
5061
1014
2851
402
3635
4123
5273
1007
2972
3614
1233
3103
1552
938
6217
647
5092
4717
1133
4974
1857
789
1127
4632
2619
2968
5606
4071
7050
6700
4058
2231
2160
203
2830
5096
714
3854
5262
4746
3452
2484
707
8122
7143
259
1918
3800
946
2972
986
407
5123
168
3366
1464
422
4263
1473
7890
152
3635
5563
6620
4036
2340
221
3145
5342
311
5457
2102
5531
857
5301
2328
4310
2151
3847
2186
5239
3443
2947
2497
3724
7683
4717
1185
5529
1098
1247
2595
7620
2973
1808
750
168
1151
2172
6933
4859
6855
4485
203
1098
3404
7052
5545
3144
2289
5273
6305
5703
439
4712
1352
647
5037
5255
1055
4666
8128
899
2981
3816
3258
3449
2411
6563
4347
784
5804
3073
6058
971
673
1074
1916
7143
3661
363
6523
3780
147
4947
607
5714
2290
312
1619
4746
5123
844
4490
3976
2704
1031
1159
1307
47
2785
4361
5073
1596
2693
6934
231
4076
1552
1133
4310
7439
1729
6217
506
3393
5053
4953
1026
3648
650
72
1608
68
4247
4686
6155
1374
838
5802
214
1151
3615
2111
3381
5454
5822
2338
3276
3622
282
7727
2654
4483
4037
5185
2328
11
4864
6442
28
900
3843
4719
86
2923
4994
7055
3426
5053
2371
2095
7833
4110
3394
2290
1046
310
4256
1688
2727
2721
7862
870
7144
5796
5189
263
3948
5484
3969
3168
856
6555
3650
1137
5296
5053
2909
2384
5822
6
4044
6047
8249
5020
5708
1585
3568
5596
5144
1230
2504
3480
7694
127
86
4044
1972
2805
3660
4233
5999
6044
2134
1811
4448
8293
128
4455
5226
2565
1525
4934
1542
955
417
1305
6251
6023
5468
87
402
72
2620
5341
4011
2654
341
3803
1247
4551
2356
1374
7478
6873
6914
2323
310
1583
3005
904
2576
2775
59
1248
5612
3633
993
1596
127
1537
7052
3307
697
1769
2721
2570
2222
1193
4441
6323
5558
3381
6634
2416
5106
6634
310
2091
2290
4686
6916
71
723
7423
1522
1618
7108
3393
2381
3614
3126
6615
5564
2433
29
5245
5020
517
5262
5321
3015
1151
2237
3660
3796
4276
1243
3642
79
4795
214
7995
5058
2565
5029
5178
3091
308
3854
6772
7050
127
1207
4713
627
4189
996
1496
11
2940
271
1842
3404
5199
1132
2653
3245
2708
4712
1919
1707
1006
2565
4310
4795
4065
2565
922
913
4689
1538
6001
2274
7517
6496
2565
8290
1419
5550
1211
319
4516
1769
5802
5705
707
7050
8134
1756
3724
937
7632
3615
6784
2662
4753
432
3352
6570
5199
2324
3276
255
3629
1662
1098
930
2651
1259
1286
28
1726
2653
5364
2909
3615
2594
5100
4899
2619
5179
1662
1835
4828
3291
3835
5760
4353
2264
1734
893
3614
2658
2625
2555
1402
4162
7511
3460
7099
6555
3568
2697
3394
2968
852
5140
5509
214
1357
633
7701
2229
5022
2838
4967
4310
111
6714
1111
2071
1191
5605
5796
5524
789
127
822
94
7231
439
1378
3660
425
2092
1305
1847
2542
1691
5176
5459
2964
3144
2252
4712
6554
271
3032
3253
1129
1688
4448
3439
2979
3887
3127
956
3417
4219
11
4338
5037
1278
1487
1297
6302
6618
3794
214
6873
3586
3028
6832
4653
2935
3391
2066
74
3586
2251
2469
689
2564
6388
1705
4846
3005
5844
2702
1098
2072
5412
2688
1800
4310
8134
4310
3352
4511
2764
6665
3005
1279
308
2223
5079
2877
1166
2646
3645
7583
1772
4349
439
1520
5999
2689
7047
3897
3527
5179
3587
5457
7080
3394
1549
24
3009
3028
429
3007
706
1919
7237
2618
1305
2699
110
2517
2973
2740
722
6174
6993
2565
4661
1549
2416
417
2369
5468
4099
3352
4735
4662
1014
5079
1583
3018
1922
5199
1700
1097
5
1658
1868
1284
2237
3786
4547
649
1034
6525
5312
5650
6218
2638
4862
3521
1597
2935
3260
1098
4310
1555
6218
2972
72
5697
1353
556
3460
2085
6422
7468
1151
1297
5173
2822
26
8124
1384
5950
3591
762
5233
766
1705
336
805
3439
7276
290
308
2237
2542
7910
1608
7561
1135
2411
2485
7214
2117
8178
3962
887
3014
1585
5055
3970
5273
6946
3748
2559
3447
3843
7092
5058
4818
4355
5393
2231
306
2871
5217
3007
6006
5920
3301
6
271
994
4598
4719
6979
11
2485
1297
1542
4065
4757
2746
1211
2667
765
2828
2871
1492
376
2651
173
5333
8293
6004
7021
2646
4982
173
1639
2565
4967
4400
1389
9
2328
6123
265
3449
2160
4828
2727
4471
1612
1814
697
766
5100
4632
1375
6976
1814
2580
4219
4045
3447
6
2256
4485
7871
2485
3803
5059
243
338
737
2727
3614
6665
2565
879
2400
6314
589
479
2727
21
1615
5671
3319
3260
2791
2778
3571
4124
6417
868
1729
6417
9
2667
6907
3379
1922
2258
2009
4828
2768
24
657
7349
1350
4687
5058
1556
47
2256
3084
3762
1166
3717
7763
28
1453
1186
1166
842
6875
2708
7810
5301
3029
377
173
4200
7586
7651
3408
5002
3743
1603
5800
3055
1458
988
3641
35
2594
95
7188
4843
1837
682
321
3352
2542
1549
1026
1428
2385
5073
3238
3809
1374
788
6442
5994
1855
3056
5998
1608
1855
5100
422
3457
1297
2713
4661
3125
2653
19
737
6784
1306
204
5531
2135
1769
1688
6105
3092
11
2565
1385
1297
7092
173
2822
3580
4247
5524
826
6023
1489
4709
15
6784
988
1718
3624
4045
6032
2774
3126
5916
4040
3455
5285
432
2667
4899
4632
8293
109
4191
9
3455
706
6624
6634
2440
6400
171
4937
2909
2009
1756
3454
3519
5479
5288
2426
756
935
1319
3956
3970
4310
856
766
1142
4712
2485
722
3301
3920
5828
5055
4191
1074
1808
1972
2973
1154
1972
6934
7632
4361
5026
4024
2071
7295
2417
2576
1279
6774
2240
2871
417
1018
465
2625
2871
1413
826
122
2485
221
4483
2774
7059
3084
3352
4037
2120
5760
3670
7228
1855
2256
3980
1808
789
2593
1132
959
317
6902
1296
5582
6552
3103
6
5806
5524
4110
407
9
301
1966
1200
6784
1453
2781
1034
6615
110
2369
20
3926
3615
1787
2072
4345
7870
5200
3024
7763
4110
5819
5817
2658
5897
6481
3680
1549
1374
6083
5818
1236
6946
4353
3813
928
3962
28
3625
6615
1557
2318
634
4448
36
6907
4587
1375
2274
5568
766
1855
2967
1140
26
1549
5185
3812
2560
5940
5738
305
5189
5323
1953
1861
341
2298
2323
2516
4437
2093
271
8085
968
5624
4037
3568
5245
4682
72
4289
3056
1221
3370
348
1133
143
3348
2790
3796
750
7908
2398
127
2658
1585
1730
1151
1055
4073
961
4943
8033
1350
2871
3402
4983
3958
2701
2706
600
6004
6619
1098
6606
2128
560
68
1191
1583
4894
710
2435
4808
2940
7553
7080
2799
996
3371
6552
3005
4828
2842
2192
7679
5466
7996
4811
2070
3724
6550
3258
4718
1688
6437
4688
4944
2721
5563
6148
5871
1471
1055
805
583
1522
2658
1100
6510
7449
7614
3453
6299
2480
3350
3528
4531
4211
2328
4299
3892
2416
3576
1055
314
4824
1633
3916
6001
700
7803
5301
2066
7168
2129
5529
1416
2693
3631
11
5848
3629
784
1428
1864
5838
3461
4967
4687
2613
2790
737
6628
1679
6327
3381
1768
1600
1201
37
5188
346
7803
2297
6873
2256
3691
4310
1166
7047
5605
3028
2565
7005
7587
986
3458
2508
3394
7233
1026
3808
3394
5246
996
3937
723
6789
6229
2700
3089
1218
996
3660
2747
3787
766
4043
3265
7185
2565
44
587
1836
5684
1940
2594
3962
3755
7110
1151
2225
7060
8295
1026
204
1733
993
975
2960
425
2474
3449
5543
4981
722
3453
1992
854
3792
64
7604
4187
778
5697
151
1644
6320
954
24
3320
1614
4341
2160
38
2114
615
1210
1385
2801
2935
4037
995
290
5262
4013
6634
3026
2658
1592
6900
44
341
5863
2535
4948
7809
3630
5262
140
285
6907
325
3877
2497
1236
2866
6417
2535
1816
4011
127
4682
3615
5524
5584
2456
5936
4709
3059
2871
2983
1241
1029
1612
3027
6566
3527
3005
4183
3260
5028
20
3059
3282
5827
3477
221
1098
3691
7283
2620
996
5743
5760
4422
6394
2225
701
1374
2852
317
4070
122
291
2831
3274
6979
784
3898
4974
813
6570
6306
5531
8
310
5680
1847
4045
2761
1705
1487
991
1462
5963
1285
5802
3144
6443
4134
1239
3140
1279
376
1908
6546
5531
1608
4741
275
3643
2516
14
5123
2691
2134
2700
4221
6407
5977
4191
1658
332
178
7063
2693
1395
665
1997
1151
3792
3343
5189
3691
975
5553
5543
1035
271
5675
3850
6458
2276
1594
5651
1200
1788
7237
2456
2407
1335
1154
2459
3691
1029
1234
2565
1006
825
4531
6496
649
1697
5132
5280
1333
5463
6526
7912
1808
435
5614
3960
4894
4162
5697
2240
4065
5179
171
5563
3650
1330
11
28
6788
2411
1453
1248
5430
762
5696
334
756
7351
1026
1956
7143
1055
3371
5844
1521
6736
2967
4780
8294
805
6151
1847
854
457
3682
5760
4310
1374
2674
1053
1772
3787
766
1997
5531
546
5545
3903
3343
1506
3910
2751
766
2231
3404
6043
2592
1097
3266
3334
5437
6032
1403
1700
3304
1644
841
5897
2625
1794
447
1500
1128
2790
5857
4899
5796
1310
4384
787
3976
1861
5532
260
1135
1522
635
7351
1990
1723
791
3007
6062
439
5816
2416
2651
1374
4967
55
762
6272
4224
4453
7090
3252
3562
35
3970
122
762
8294
5806
7400
5289
2576
6914
737
2290
6784
6611
1374
9
3629
2328
4299
1615
5412
6458
4424
5817
1688
1919
5199
3366
3028
5655
4181
5452
5262
3962
1428
5449
1746
3084
4037
1608
5096
5796
1310
230
977
600
3607
109
432
3454
871
1006
2651
1151
5020
6914
3958
3274
1814
3580
6595
3104
3458
4994
5524
161
4981
4510
4948
5806
1485
1661
3192
5404
5459
6747
5079
4441
2298
4310
5079
1402
1286
1661
1489
2511
2633
1352
2658
1847
1279
2211
5802
6004
4175
737
25
982
2707
3754
2688
3252
1691
3457
35
5706
1538
3521
3059
2688
1795
2297
5743
6760
4044
312
87
1697
3168
1582
1151
7624
7587
3458
3062
6579
19
3084
2693
600
4024
2516
2871
3032
2137
3014
7422
8295
2967
1734
5399
1754
5210
5009
1896
948
6130
2072
6627
3463
56
5243
2109
5233
7618
407
2322
7843
5822
5800
4940
75
1532
1166
2972
6229
3557
4803
1166
3694
3724
7862
8292
2999
7450
2309
996
2163
299
6270
2700
306
5026
784
7651
33
853
2241
3611
457
439
2688
6272
3291
1062
4713
5773
6616
5459
3379
7694
695
4689
5543
1186
3521
346
2771
4940
4448
1305
749
945
762
3456
849
787
3650
4072
2585
4587
5179
3562
2184
5928
4412
3537
33
5509
2623
7057
4219
1413
7912
643
5061
2696
3498
6280
1603
5179
3659
232
3666
5764
1997
789
7450
3892
6241
3459
5814
600
3650
1352
2700
7632
766
306
35
2328
1413
956
127
2070
3238
3813
6023
3447
971
5106
3021
4299
6337
5006
4065
837
3073
1837
3453
3447
5002
122
172
2981
2237
996
3125
3352
4045
1006
4891
4741
546
4400
971
2209
7047
2274
5524
5166
2237
2300
5432
1641
348
6305
3800
1893
1043
5839
1006
7373
2241
814
1326
3748
47
6832
6615
273
2332
7422
3717
2237
7809
2109
6043
74
1380
2381
1492
2646
41
1055
319
2440
1352
457
7335
3809
1453
7012
8171
2117
86
5179
1164
7620
4338
2544
1647
7414
3307
1980
763
5638
2775
739
749
1166
2557
5179
1754
3460
1395
5812
7803
2328
2746
2699
2996
7694
1918
4312
945
4483
5802
321
1680
489
6634
2667
1614
822
2686
5802
4786
4534
661
1222
3803
72
5217
2955
1307
7564
7054
104
6151
7055
2546
173
2371
5022
1596
7928
6615
1574
6460
1823
428
2384
5132
2507
4824
1777
24
2381
5459
3321
1484
1922
3567
6765
7059
1836
6979
5020
2565
8290
3614
5806
4040
1814
826
7132
2700
4422
506
3018
1920
1549
3726
1496
2859
1377
1305
2618
2585
68
1842
1796
1319
2547
2297
2256
302
1792
993
5596
3309
2608
2871
2135
2871
4977
2872
2914
3666
7809
8293
5479
14
653
2062
5010
3321
4899
28
110
4466
4574
75
826
1253
2202
230
412
6934
2871
2900
2696
5524
1888
2587
1833
2690
6359
4211
627
3897
2958
23
707
341
3800
3614
2485
1926
5123
255
5596
5199
1169
3404
4338
1701
290
2237
2880
4786
5800
2774
1135
1140
4297
2883
722
3557
1489
1129
1813
2625
1201
2643
49
766
1794
1774
6774
2613
183
6850
2620
3033
650
1236
4347
2799
5863
3634
3402
1717
122
182
1243
6494
251
4255
5835
3786
2338
7381
5179
5640
5026
4179
5022
769
1319
1811
1428
6409
2109
2825
4297
5543
2202
5301
2814
941
1133
2747
317
826
1506
7417
5020
2972
68
2951
5947
2703
5020
706
1097
2754
4441
5079
3238
7478
7092
5529
3843
4632
3847
6442
5179
3614
285
3752
1098
978
2703
59
2230
2822
2316
1319
722
737
6886
6
871
1701
3130
1814
1752
334
4795
3107
5188
5694
2620
6560
3026
1816
2117
6635
6
8
1525
5614
214
1050
1931
5002
1580
4315
1919
2727
2689
1893
1285
2999
4056
3804
2398
1772
3055
2787
2072
4944
5524
1297
8249
5188
2688
2565
3454
4620
560
4653
4828
2932
6975
2540
5891
2643
4045
2650
2972
3142
1138
3785
2053
68
6780
739
1006
3390
1990
825
769
457
3807
4630
7099
1979
2369
24
1754
2953
1125
2324
2116
4347
1111
87
2209
4831
2517
1726
789
2872
6505
6017
2608
157
304
3274
766
5190
3447
2770
7231
5697
5426
72
3498
7810
5423
1767
789
3486
2822
321
4824
6179
2625
3435
737
1210
3089
3274
2229
1499
3450
173
6202
4353
3769
3480
36
5531
5313
4875
4792
2276
299
103
6619
3609
7809
1043
8124
3724
7047
2966
6715
1374
6620
1111
5022
3321
5233
802
5417
166
2625
2972
4666
5816
1497
3812
1636
784
1286
5188
6299
3451
5026
3334
1202
3033
2256
2290
4424
2381
4335
3642
5800
1972
5190
3088
1186
7803
3498
3453
4476
2065
317
306
6907
4134
2240
1279
1990
4709
87
895
7778
659
2832
271
5263
2229
3140
7587
1990
1133
3658
6344
6270
6422
1792
2565
4065
4604
3466
377
4574
766
1299
3767
5839
8294
3000
6774
1842
4124
4948
1062
1184
7057
5532
227
7277
2365
4162
5210
4974
6337
4127
4347
317
1842
1788
968
1701
4178
1100
1885
6241
6596
2981
3334
8263
4781
3031
3408
4276
4483
6624
6
2161
89
3088
4598
5821
4240
3529
4338
3073
6875
3634
1385
1374
6725
5908
4065
310
1243
1997
3586
993
457
271
4070
11
2277
762
310
7421
4463
841
8173
5827
3660
7294
1612
2625
762
36
8174
1074
954
5802
1416
6327
4981
5189
173
3453
2475
2135
153
31
7386
310
1608
1990
826
6328
389
14
2972
3660
1638
4191
2918
1754
5022
4073
432
39
2688
2972
1596
590
271
6024
941
7860
556
2646
2009
3615
8290
6270
6272
6714
1654
5818
1552
3433
2747
255
3274
204
4792
5103
4712
7512
7444
762
5655
2658
1211
1335
1966
1374
766
1520
204
2485
4653
3786
1748
3192
89
6503
2669
5651
7386
2062
1700
3297
6774
5177
5961
6218
3084
1074
764
2565
3615
2966
922
6784
1055
7644
3512
634
4598
2972
7763
1210
426
87
5484
722
1394
6946
8293
946
2398
4212
4719
766
3523
2258
3352
7040
2137
11
1629
457
762
6441
5262
3366
722
2376
2754
6900
4040
6900
4076
68
6832
788
6246
1297
6624
2565
1428
3892
5430
7683
7699
4967
2473
6151
7578
339
4124
7108
7669
3455
2516
1893
6577
2658
7108
6467
5022
5936
46
3642
6634
5423
407
4134
7381
5199
854
2844
5963
996
2565
2594
4071
802
5029
6774
95
3615
794
5994
1972
5182
650
7214
2411
3451
1267
2062
3803
3136
335
94
124
1156
161
2871
1637
7050
5524
3417
7604
5738
4487
1061
5263
1037
8212
166
4024
4316
2655
6736
4967
155
2416
457
56
2612
8290
1053
813
3804
2819
5837
224
147
340
581
1184
1218
937
807
243
5972
3014
1980
5188
1772
3897
5814
7136
5837
4021
3144
4827
6772
11
5313
813
26
1549
6044
7927
2790
1997
3645
4974
8
1192
6479
1352
4967
6624
2686
11
4037
2326
1018
3032
90
664
5543
739
1236
6726
5423
1729
1241
2233
1000
4795
6619
2880
2559
6772
1352
893
2411
6032
7279
3352
3796
840
5582
4077
2547
7809
14
2651
1395
878
5524
3346
787
1523
127
5412
6032
1215
1573
633
2764
4044
3092
122
1485
696
3033
4686
1032
1706
282
1444
3787
4483
1135
2576
1098
4212
959
187
1297
225
946
3140
4899
3812
2872
3032
153
947
6170
3320
4347
3250
3634
332
2092
86
4343
10
3835
4713
996
8293
1987
3562
5524
1549
2485
5946
4099
47
2560
2323
2440
5511
306
7279
3586
8128
155
2560
6409
2433
6624
1859
2979
5650
340
2785
1972
971
7726
4338
3084
4037
2397
1507
3092
1305
5804
2565
3562
7214
2747
431
5928
5545
3614
857
6930
3794
5799
2256
2623
1352
3445
3926
1525
8209
7073
2667
1473
1004
4967
3973
5814
644
665
3381
6860
2535
994
7795
2151
1350
350
6097
813
1823
4824
628
2016
849
3586
1888
3835
3568
3449
2276
3175
1027
7277
3691
4261
3635
5177
1305
3196
7270
1384
1608
978
2700
2871
2566
2790
7965
7769
1492
2967
6235
4076
4662
259
4442
29
4347
5787
5697
315
2760
787
3117
20
5412
2375
1261
3970
6946
2707
1354
3452
7414
1357
1658
3568
254
8224
1705
2411
7449
665
1506
2356
432
5714
4653
2398
1353
4962
2114
6009
982
2721
1395
1473
3253
608
259
135
4673
723
7733
5697
7294
5079
72
545
4037
7054
2079
2923
5096
6780
328
7809
1098
2688
5106
1487
3607
6993
2547
2727
1496
298
5189
1492
3614
857
3541
2535
3680
1381
4040
4824
1705
1836
2490
5022
2764
5809
2871
2785
2973
4191
6156
317
2053
4713
2307
2363
1919
1718
4688
1377
7818
5184
3641
2091
94
2529
7815
2297
673
2452
154
6407
1604
3835
1683
5637
3809
2967
5802
1103
1462
4797
2381
6994
1918
2485
4944
1600
2587
6327
8042
2688
6130
1297
1717
68
1707
6576
3443
3352
4074
3352
1416
2290
1919
4335
682
4173
3615
4290
2072
1279
5176
5963
2324
1395
1489
3786
1428
3631
2066
904
4688
1661
667
4536
879
7280
5582
7620
282
1522
1468
5800
3477
3642
7120
4151
2323
3903
1687
72
2485
1049
2508
7277
932
2721
2660
4954
615
299
6004
7620
633
4201
5922
7833
143
826
4220
1260
4828
1291
1744
3568
3712
9
127
647
2369
2765
2972
6788
55
26
20
6
2799
2688
2264
2685
1596
3498
663
6934
3352
761
1893
1772
4335
4353
3615
761
72
2225
3538
56
2371
1137
6441
1922
722
2328
8130
1595
2838
895
2101
722
1522
1354
1239
4231
6615
1132
4144
2182
5179
2964
7231
7759
1200
5079
1166
7295
71
3191
75
1769
615
1395
2066
5079
6596
3661
3251
2651
1496
2398
2369
5934
2516
6287
348
650
7959
2516
37
5606
7694
6388
1587
1799
3527
2719
1374
5798
4551
5524
5872
87
1861
2790
173
4587
5176
4767
1525
1480
626
2555
988
3786
2625
308
2935
1151
4666
7618
5857
5828
8297
2499
1420
7695
5871
4432
1888
2790
7649
2871
2799
7879
5449
4266
1732
1041
766
3568
706
2906
2398
7005
1842
6296
2667
878
7682
6327
2654
215
4263
5445
1661
2880
5285
3752
3260
1513
1285
7620
144
5991
825
7373
6946
3800
7803
2258
1927
36
4748
2665
7865
370
7306
2657
24
759
4983
6407
8
825
2256
8101
564
1816
2922
3660
2693
5445
4536
4037
5072
704
1074
3557
5189
2686
3460
4735
5295
6306
7921
7855
2229
3271
7924
2433
4828
2485
4442
2273
230
6671
8037
3371
2326
3015
4797
30
4899
3276
5391
1596
2713
2859
3005
4261
1167
7462
1492
6594
5563
5714
255
2594
737
3238
2354
3720
4993
2552
922
1297
7809
6907
3408
1915
2256
4999
280
3276
312
4076
6360
2654
457
705
644
2660
707
4625
1395
710
1772
4384
122
5753
1151
789
7231
3059
3541
993
126
122
2249
3562
2958
3615
1439
3439
5246
151
5179
4036
673
1716
3004
1210
4645
7774
7900
5683
5704
1055
204
5506
4341
2011
9
3611
4468
2117
682
1718
4384
21
695
762
2467
1352
8044
6907
2398
5697
1774
2585
3856
319
1419
5479
2738
2697
559
5872
3641
802
978
4221
4712
865
1140
5437
2801
2653
1613
7116
8051
5697
4983
7390
2720
2328
1723
5973
2225
1307
3452
1297
7279
3334
2828
7683
3813
1756
2328
6222
737
3615
5412
3767
766
6765
673
3352
6930
5798
663
236
7434
4653
2547
793
2516
5531
1135
1705
3956
5020
35
810
2128
993
2041
1335
4894
3014
4037
1357
6388
3946
1621
5412
2369
2651
3276
2599
3255
2009
1915
3680
2342
4073
3541
1395
3958
5255
2411
2324
5671
3452
457
2967
5529
5973
4455
312
6907
5738
255
6832
6555
2307
1267
3099
68
2651
5391
6720
999
1638
6916
1633
72
5936
3168
3752
3386
1062
1490
7992
6
2665
7879
1667
166
813
5184
4219
5624
1857
2475
7553
2001
3586
5705
704
2225
3618
872
3522
1137
7225
1754
3615
2072
2174
335
1547
733
1098
5543
2576
2702
1610
5189
7381
3459
1506
2958
3024
1186
7961
7497
766
2618
2565
8224
2001
5524
2231
1648
2611
15
2576
5696
2596
6360
4717
5155
3352
1023
2940
154
1167
1705
3086
588
2623
1859
904
7092
2186
7921
6
457
2387
1074
1670
6736
1700
2120
3352
5103
4967
6615
426
122
25
314
3126
4846
3835
2623
8141
5760
6347
2871
3084
2541
376
3796
173
7632
2535
6618
2129
2333
7055
6726
2246
230
5783
6715
1688
3772
2001
3976
3056
7092
2999
7381
6994
722
3352
3842
1803
3393
1769
1549
8192
904
1583
7679
3479
1374
5506
1783
2565
1549
457
1471
1885
4536
2251
1697
1014
5524
5829
6765
2665
2560
6916
2964
756
3007
6833
3516
7092
2368
1242
4483
3910
3346
3643
663
7946
3948
2433
1522
6699
5524
7942
6042
6993
6934
6865
1697
2165
3452
1646
971
2375
42
5932
3350
457
6618
6850
978
7295
1538
3352
7423
2792
350
3910
2565
7115
781
2576
86
2667
5814
2576
3276
110
457
560
2135
3916
5022
3480
7471
766
2775
1836
1201
1043
559
2604
1444
3461
3252
1133
1026
426
2625
7129
766
1774
410
7696
6616
1875
6700
650
580
425
6421
1496
5824
3238
2557
1795
1024
665
6083
1781
2289
3803
74
5312
5811
1717
6608
1319
1537
3479
739
5364
4043
941
5743
820
4407
28
2014
2768
2613
3352
2290
2904
2134
5144
3034
432
8
308
1111
2667
2225
2375
2247
1842
4653
3949
3892
1368
5439
3835
2625
3150
6316
1030
766
1622
904
1706
5902
1253
2658
42
7795
2144
5459
130
2764
1127
5662
7052
1204
1066
1165
5188
5934
3309
6875
1746
280
4256
6229
8163
4138
28
822
4123
3089
2565
1326
4124
5799
1133
3748
6784
3390
1697
4967
2653
766
2137
608
826
3243
5998
7381
3276
7051
2746
3615
4828
3785
4211
7768
312
2625
766
4441
1555
5412
1234
1151
600
6938
4531
1963
1885
1441
2329
1031
6270
6979
4045
5254
2972
4074
7054
4981
5188
6407
2010
2605
2687
2236
7810
172
4063
1542
5210
1074
3970
3724
4709
1990
5068
1279
1123
7618
8174
5531
2653
4983
6006
6241
1374
6243
784
4859
6327
95
5188
5624
2713
8246
86
311
708
4013
3635
4962
971
1808
3200
26
6257
7379
1648
4442
204
4598
3352
5406
6587
3748
3660
710
5020
6620
2120
5631
1014
1368
8249
1190
15
3506
6619
4073
854
2065
7910
4662
1549
737
5022
50
1125
2822
5963
2981
1234
6359
2654
2654
634
4712
3902
1842
1525
906
1453
3947
4483
5179
8
3417
2547
35
1193
4645
19
317
4353
3463
173
7126
2765
3026
457
4587
1513
1468
7096
457
4719
74
7620
5092
2811
2605
5732
6619
6217
3946
1133
8074
1621
3847
4719
1167
6628
315
7301
943
628
298
1549
2240
766
5714
7620
3457
4191
5171
2696
2967
1992
3010
1250
813
2144
5412
3479
2251
3173
2746
1470
6619
1542
3449
627
290
904
4994
1335
5897
4072
946
36
2619
1291
2713
559
5697
634
2872
1374
6032
3126
90
7231
3456
5079
6619
3449
11
2174
7879
2651
5144
5743
3456
3631
5103
2565
109
4218
6869
1855
3568
6459
4661
947
138
4483
5079
215
3822
1908
2435
3191
3284
2655
1151
3453
7071
3258
4221
3081
579
2226
1133
2626
4124
4290
6563
5437
5591
1043
2972
2237
1514
173
762
4365
5800
59
994
457
2120
1524
1513
3607
465
2507
584
3519
6916
4037
4999
2458
556
1918
3350
1990
6720
4712
3352
2713
3359
2128
3006
8226
3787
5802
95
4964
7239
317
3728
6946
1549
5806
246
11
4463
2576
1525
762
3863
1151
325
1375
3447
3958
5917
978
2151
4441
5239
3680
15
2485
788
4463
7381
1241
417
5655
2667
1394
7994
1972
1514
762
310
7378
8083
3473
1097
6
1352
6907
3352
6
7632
2657
3117
2842
2699
6347
2289
6552
1024
1210
187
1062
6299
1549
145
5553
1140
6627
3980
4124
1915
5254
766
5404
3034
4811
2576
1800
4169
6941
2674
8192
7624
1350
1788
4780
290
6243
5484
377
1566
2696
5189
2691
7185
1319
6665
8163
2653
1594
3956
5226
3457
4564
4875
2226
1470
1319
6334
3334
2565
1211
2485
93
2233
3457
3056
5233
2565
2557
1814
312
1615
7620
3843
310
2646
4432
2559
2485
4453
6523
1253
20
1983
1385
3806
2625
4536
6638
3586
2472
5189
3680
5655
1166
3969
2787
1482
2085
5543
5181
3032
7280
764
4982
1135
2135
8079
3393
3706
6619
2775
2128
1549
1633
1634
2252
7088
1594
3728
643
3125
6097
2185
3447
2912
1230
2411
1774
2623
6251
5173
4967
4600
7386
3037
6984
6334
5532
4875
5210
3483
1522
7231
3026
2257
6096
1679
2212
7514
3371
3796
157
5799
5563
1267
232
2651
988
1039
1549
5198
5185
2016
1319
8174
5064
1127
2685
2842
1151
945
2290
1654
8
2794
6532
1416
339
306
25
3026
1915
1442
907
6032
946
1267
1514
2398
4219
1888
852
8091
5200
3443
941
3871
1820
3449
6774
2685
3568
20
80
1614
2979
906
5079
1063
7188
3449
3381
2535
7924
5012
312
2557
5210
4551
2073
4988
5002
960
993
6359
4757
1767
7862
2972
6714
2859
6907
2156
7809
5709
3028
4036
1820
282
3035
6295
214
435
1468
33
6923
3769
11
2966
2361
7092
24
2651
798
1701
2596
2940
6221
5073
5740
1701
1360
1247
36
5177
2328
971
2693
7052
5810
1990
2369
5176
1490
5818
2485
3453
3073
1261
6789
5656
1792
2549
1514
6901
6624
5802
3749
2485
2182
1419
1196
4964
4219
911
2285
1191
3655
3728
7618
7491
7214
4981
5188
3394
2133
3642
3483
2918
1658
6526
749
4578
1991
663
2696
24
1177
2297
6488
5796
5141
784
3682
7924
4595
1319
3021
6554
7101
6627
4138
3624
1352
5100
173
11
6665
1416
99
1199
7393
3522
4980
11
5721
3059
1864
2470
4964
2686
2764
6948
3098
1478
4536
5148
3095
2859
1098
1167
7529
2659
311
4247
4191
904
6441
4290
4604
2257
4894
2576
7799
2871
5262
2285
1492
1441
5839
2066
3392
1608
5100
2871
5824
3956
26
2433
2760
650
1032
5079
805
1035
1506
4401
7050
1278
4735
7994
1498
3479
4312
4966
3306
4037
6330
4828
2095
2822
5233
514
708
6627
1307
3462
86
1380
3050
4574
1489
3666
2354
3787
271
2686
2229
2174
7632
3304
5233
1428
2186
495
6550
4046
730
4070
4070
5612
3498
3455
1549
737
6560
457
5190
3439
2117
3276
182
3536
2323
4964
722
5822
1437
176
650
5188
4044
346
3650
178
4335
546
3614
5484
7005
2686
1847
8288
2176
2565
5819
299
2560
6442
7675
4632
3937
7788
7614
5925
5432
1522
5465
2324
3260
3449
5811
6789
2564
2324
4013
4471
1855
871
2485
1893
2774
5415
5179
4329
3691
68
4786
763
46
1692
7055
7598
3024
2967
3334
5947
5022
2689
2842
5185
4953
634
1997
1152
1537
5506
105
2657
5606
7080
2456
5671
1378
1135
6666
1982
3027
4191
7648
856
7790
695
1951
312
3482
5155
1152
87
6501
3641
7422
7511
3447
2778
3032
5173
2594
3345
3456
1701
1395
7806
710
2435
517
5533
1734
5432
86
4666
7063
7882
1471
6774
3144
885
2335
5527
2747
2991
4191
2595
3276
3902
79
2322
6566
2237
1211
299
2542
1199
3037
1626
5714
6555
1608
5697
993
3642
1385
633
753
1549
778
2549
3032
2114
2707
5022
1204
4918
3792
5465
1022
3843
2322
4662
2699
1510
1550
1396
4795
2747
1352
1166
1061
1055
462
5189
1253
2700
2831
1305
6151
3451
1233
7301
1297
7414
5529
2565
72
1622
5446
2958
2240
3334
2697
4276
5404
204
6682
813
39
2547
1026
6174
1820
2657
1615
319
1196
7620
5123
3979
2474
41
1166
5741
3463
5179
2114
3145
1489
315
2654
3034
1416
3027
1032
2326
4384
3562
5022
2581
1166
805
1253
3458
5285
6634
1267
4529
32
2955
1691
1243
1279
2544
457
2557
788
1049
7632
3072
4257
1621
7390
634
1571
3958
1600
3897
2365
2229
317
6897
140
730
6
6613
2510
3253
4233
4110
5002
3932
7052
2209
1496
1357
2472
5802
5793
7387
763
3496
4212
3479
254
1157
6094
5148
4335
4982
1307
6624
1548
3479
6097
2887
2542
2354
5037
2410
5545
4073
3284
4824
4814
3039
2120
3144
4828
3028
6846
7405
1267
5568
936
2365
1608
5177
2834
1793
8037
4487
3458
86
5484
784
1733
7131
2369
6628
3439
7835
1705
2066
6619
4044
346
6801
6555
5828
312
90
1034
6
14
6770
3456
5812
1297
4401
2778
868
6486
1621
457
11
4712
4310
1608
3089
5226
4587
6151
2565
5233
977
844
104
697
1604
1026
759
2174
6323
3614
710
5804
2510
5655
6991
6458
8288
4234
6299
5531
5002
2754
2713
6770
98
457
5264
608
6124
1799
946
2909
2119
3800
377
5100
564
1638
259
5072
465
7652
5006
946
5790
4964
1253
4786
4485
7237
8209
4953
2535
1319
3480
7185
722
8291
665
3460
6613
7057
7086
7620
7813
3804
2696
4110
3454
5037
6596
6596
2688
644
2237
6494
7699
5697
1357
5002
7104
1725
7378
2485
6523
5804
2091
5046
6248
3897
1297
1729
7052
3449
1026
1235
2781
3480
7620
71
789
1783
5378
1756
4013
3201
1964
2922
296
2410
1808
4353
3191
4483
3842
3449
227
3650
4036
8293
4712
7110
1252
3455
2485
2120
4884
5616
3962
3057
875
1018
435
5316
150
3726
3027
4232
3641
1374
963
1335
3007
5817
4536
3956
5655
2814
312
7
6006
6359
1612
415
6029
7912
2565
2955
8073
2225
4269
7021
2657
3634
1733
1510
2348
87
1394
861
2565
1835
2790
7818
966
7557
4483
3381
280
3099
3752
4261
11
1098
1967
5301
391
3457
5915
3969
7422
5800
5079
2231
4299
3748
1248
1500
2550
5800
5524
1783
1833
1270
1186
2375
3557
7359
308
5079
6913
2544
2510
2171
4531
29
817
971
1922
722
4402
4980
3615
7237
5623
4797
11
7632
3309
6274
2472
7378
6772
3932
5962
590
2210
1022
2815
4045
5780
6148
1297
1534
2472
2400
1279
2542
35
1210
1492
827
2385
7143
1167
5022
3449
6001
6432
6665
1292
2535
1051
2570
61
5079
4037
4310
2398
5184
2900
5439
3647
3540
993
1470
6496
6414
524
3961
1382
994
813
2485
7673
5335
4875
5816
2625
1297
2972
6545
6334
2693
6262
6553
11
7587
5511
47
3260
15
2560
2593
3724
3643
2651
7295
6528
2326
2604
3260
3447
3449
2790
2674
988
2909
545
975
4632
3643
3642
5482
737
4746
122
3352
3084
2988
4055
4666
5799
3976
1166
5404
4191
1166
3631
1596
3380
50
1037
1542
1997
2655
2231
7587
946
1700
5022
8147
1729
6770
831
1774
4510
3473
1048
5582
2565
3728
2133
8044
6774
4441
1986
2246
6424
2324
5812
5802
2653
4435
5430
5173
4989
5189
784
764
2530
5936
2996
4136
2594
3867
2696
4059
3635
2547
1916
5177
6784
2940
763
3614
1014
3265
7378
4598
173
2814
1360
2375
20
1384
2579
3971
5103
2811
4451
179
5454
3020
1566
4653
312
5288
4036
68
5511
2654
2510
5692
600
2474
1063
2256
2365
173
3191
5079
6305
4875
5173
586
3516
5189
46
993
11
2747
1730
302
2507
2473
1202
3586
3238
996
5637
2307
2597
6647
2832
1097
3729
3568
1538
3381
2120
7386
1166
2775
2001
4261
964
936
1497
737
4534
611
644
2397
748
1859
2276
5568
2536
4828
2688
1210
2880
2066
6890
2700
4653
6124
6681
6914
4219
3580
978
4534
5802
6935
4879
6759
1447
1075
2332
4218
176
5640
432
2185
6324
3455
5188
151
7237
1248
8051
1982
1571
1621
2535
3601
1407
3089
3673
2774
722
982
737
1697
3787
2625
4536
5404
4272
3260
243
1307
407
4099
5775
2972
3887
945
2397
5026
1381
4814
6359
33
1820
1151
62
4263
6739
7965
4547
6501
2999
11
3461
1596
2456
155
1357
1152
1608
733
6245
553
1549
7679
1267
5714
2285
2677
2643
1151
72
2700
1473
325
5543
154
3786
1204
943
2912
8073
3026
4077
59
3447
7949
2516
686
6907
1151
4973
923
3276
2889
1701
1052
7908
844
1717
308
1920
1814
1278
6
1390
4661
2547
4898
2174
3661
1166
8294
2456
6198
2909
5140
4338
998
47
5028
1080
2805
2508
1133
125
1756
20
5739
5103
3007
4929
6
7647
2790
1055
766
1023
457
2400
1997
368
2654
236
6447
2687
2297
930
3394
1795
730
2118
3522
3142
1705
4373
3452
3928
4967
4899
972
766
3976
1686
4967
1468
2713
1167
1179
5188
3948
4041
2160
2542
3191
6221
477
2387
3002
5144
587
417
5984
737
3650
1783
2809
2145
6032
704
1237
2169
3192
978
6913
1628
1037
1549
5079
5466
5188
79
7416
3449
6474
3521
2289
3976
2707
1859
1307
319
4261
4384
988
765
7662
1835
7301
4233
5037
3976
988
5915
2237
4717
2114
2548
6004
4037
2294
5189
1241
1478
5531
5562
5915
5179
4099
4977
7955
5092
6148
407
1772
4058
5189
1297
904
4297
1319
1352
4899
1751
1024
3631
39
5915
113
335
2746
3892
6443
922
1814
7279
299
6600
5179
3449
6221
2964
3452
3728
1859
4824
5531
5125
4980
7
259
6
2274
3903
7632
46
3480
2560
2677
2951
103
1000
2387
1160
5809
937
1014
6615
2947
2504
4717
7490
6554
5020
5691
769
68
151
737
6305
1453
1842
722
6407
7699
8134
4361
6043
5691
3691
2713
784
5022
766
2902
3449
2339
4792
6907
3449
7115
4045
5524
1787
5324
4448
5130
766
3028
3660
3394
737
805
3101
4045
3461
1470
2425
4364
3321
14
2136
3276
6594
2623
784
457
3527
67
5189
3830
4110
2883
1202
3607
4037
280
1395
6305
3786
5980
407
6615
854
1227
247
5800
765
2142
2516
737
4335
5802
958
4361
465
750
2157
33
4041
3659
7386
2706
3457
913
5950
1522
8168
32
5800
209
4435
2940
4992
8134
2411
2182
1793
1007
6481
7080
2257
5239
1583
1769
2504
1770
2643
4706
1261
231
334
2129
7173
1538
6436
5029
2909
6772
3794
2704
2657
6447
1730
1493
1622
122
6520
1378
8174
941
2654
2900
271
2145
1729
4829
4090
5176
2135
3995
4575
1000
299
3417
1772
166
3922
1000
1492
3027
5022
7924
227
4829
586
243
2667
3375
788
826
5800
1614
7813
2900
904
1484
5100
1000
6023
109
4124
3062
6023
795
1305
2747
7115
5103
4574
5176
2281
2174
6217
72
1201
4365
6327
948
650
7879
3297
6976
4966
44
1353
4798
5638
710
3117
1982
3607
1103
2557
2328
3098
3084
4719
975
56
4070
8174
722
3814
1555
784
415
5524
5714
4748
282
3691
1167
2988
727
3148
1412
2535
72
3892
4235
1982
3435
4189
5822
2605
3642
7642
6026
4269
658
5022
3402
2928
3352
2241
68
1726
1210
5655
6619
39
3352
6327
5655
4164
6605
80
6006
4041
8293
2328
8293
3276
5973
2708
3299
4797
7961
1772
3458
1453
7086
3354
7662
636
8044
4687
4261
5650
2968
5188
795
11
6613
3724
1467
2066
304
172
417
5624
407
72
3807
994
825
1522
2384
2565
749
2381
4335
6875
7632
3010
7054
1277
5190
6955
5639
2178
2653
4717
795
3028
4040
8292
143
3125
1706
1413
6054
2323
90
2369
4488
3664
80
3033
2411
4401
1151
2516
2369
2209
5697
4441
5179
4604
4953
517
6323
2229
179
1718
5204
3796
3453
5784
6
741
4748
290
1166
187
4297
1133
7108
5412
2549
4151
1614
2497
1222
3724
7295
7733
4550
1798
302
5818
2686
3029
580
7168
7059
4401
865
866
3242
2822
4765
3982
3032
4290
4297
7047
5002
4297
1767
1858
2692
3607
3516
7478
4960
6616
7969
3026
5705
2754
1811
5697
3803
2356
3034
2490
4041
2270
6059
2605
3537
6241
1296
6327
5457
8107
132
1521
2473
2398
5222
2707
677
1075
4448
2004
1737
1297
1492
3641
2114
6251
5020
2940
5233
4534
3658
3576
7974
5936
5103
3787
1608
2589
5188
5200
1239
1549
122
3568
1151
1375
3381
2646
604
6498
5800
4024
1972
3140
4151
5254
6491
2688
6946
2504
5582
7587
4756
2620
2693
988
1510
4967
5339
3027
5844
3014
2181
2565
7992
156
4662
103
1549
7279
7651
4140
1596
5738
2662
1204
4792
4445
2760
4899
2116
5818
3140
5545
6577
4199
2414
2870
6596
4510
417
3571
795
4828
4310
5783
1124
310
1555
3164
4466
560
1537
2830
1453
5643
371
3451
1166
1781
2233
4412
1428
6979
618
4981
1615
3449
2696
113
2517
4528
2159
407
2225
3192
310
7649
5527
5529
3645
383
4063
8219
1278
1326
5524
24
6736
2805
6560
2688
5253
2932
4266
2073
2834
6443
3691
1157
1428
4838
5848
7327
1726
6596
5816
904
7023
4441
2660
2145
3814
1166
704
8073
3447
1151
5800
4536
71
1781
1387
3976
2958
6458
5323
2665
1754
3919
1492
7063
1168
457
5714
3812
2576
3642
1041
714
3408
1729
8051
2504
3969
5254
5655
3092
7422
1865
1537
3402
2822
5529
1247
1700
706
3084
856
5798
395
2565
3976
650
68
1774
7512
5200
2693
5760
778
8266
4735
5650
686
1608
1310
3034
2658
432
2297
4824
228
1026
3813
2157
6257
4366
2053
7053
706
7855
5115
643
1746
2535
989
5772
7055
1248
8277
4964
5100
3117
10
6875
3803
122
7813
943
2968
3027
5341
2565
1018
5822
5375
5173
3455
232
2696
2328
2790
7092
4432
313
3970
4045
7879
1403
2474
1964
668
1186
2565
1814
2297
5125
4363
2114
7553
5617
2135
4045
6221
6221
7185
2651
1228
6566
943
1396
3580
3755
5459
818
5960
3462
706
3126
5190
2560
922
3449
6021
3452
5743
5064
1507
348
763
1922
4219
9
5783
5857
1647
6599
4977
109
5680
2923
4653
3521
7744
2785
2381
6955
4929
3922
6161
2326
340
4981
7054
457
1496
2144
1471
1972
4127
2560
6498
4037
2297
2790
7024
2470
1201
2225
7620
87
5713
6437
259
5179
29
157
1549
3393
7924
5465
5092
2619
215
2542
963
1997
7021
2565
3148
1267
227
20
315
3709
4536
5246
1966
1549
996
3802
4487
4944
2470
4709
5753
3819
650
2236
3027
5210
2620
3586
3168
3536
2433
7108
71
356
1357
7874
2825
1218
759
7979
6618
1166
4098
1583
4448
8178
825
7047
23
6955
2135
2427
1111
6930
3290
2981
2004
7662
3641
29
6618
1166
1305
5173
1842
3643
4746
3461
1319
5487
7092
3635
5423
150
3814
2326
56
3117
2797
1053
762
2972
103
1098
3291
2151
3849
2456
956
5173
2485
132
5173
2576
854
3958
1166
1799
649
5176
2297
1297
1331
1787
4347
3562
2473
3439
1137
26
1733
3748
348
2699
1885
3813
7073
1230
1166
4045
1330
7335
788
5262
2542
457
3479
1279
5807
5466
1492
5655
737
1956
3024
3238
6000
3641
2326
766
3307
4001
5106
81
5612
2819
1374
5012
647
5817
2237
11
3615
988
1594
7231
1428
805
122
663
2504
5582
1538
4899
2592
6783
3381
259
1875
2135
7810
6442
994
3910
7675
5902
7924
3371
2565
306
6044
143
3020
1151
1465
2618
6780
2209
2209
4077
3056
4632
346
1800
3180
4071
4138
2256
3018
2398
4980
5437
4547
325
1654
4044
5140
20
1680
5188
2476
6528
5096
72
2900
1132
2830
1158
4065
2560
2095
1201
6442
7086
1748
4323
3614
2237
2381
2900
3516
1982
5173
5890
2655
3007
127
4846
4776
996
5978
5506
3029
324
4767
2790
3381
1416
1548
1061
5799
457
5811
1768
7029
4040
1151
2754
208
2256
5650
3173
3454
5144
7994
7763
6023
3015
1466
282
3191
2620
55
4212
1133
2620
6006
6953
4661
7080
2511
10
4179
553
1184
1022
2535
7604
447
5543
271
6006
14
2257
290
3538
6305
271
469
3340
5140
2660
3949
6720
66
656
1534
132
3787
2237
26
1393
4687
3568
4981
771
477
2369
3643
5140
7632
7666
2134
4009
23
6832
587
3026
1688
5459
600
2774
2546
1814
2508
15
3478
2565
2856
3417
372
2805
4827
7874
5028
313
696
5354
1549
11
1239
5624
3843
1190
3796
4037
2135
172
4510
823
5188
2923
3092
1007
3806
3321
2559
2237
6032
784
1055
7378
6918
36
3897
4712
147
1919
1847
4047
1554
1006
4666
1751
3033
6555
2072
763
844
352
1553
371
1250
5807
4442
1644
1730
7381
4110
1490
1733
4527
2231
2236
5655
4211
310
982
1129
1278
3376
4323
2546
1585
1167
813
2328
4829
4310
826
3164
94
299
6595
1092
4587
5952
5828
2276
1548
4808
3642
7053
1278
5739
4552
6481
2593
3191
6615
4040
4311
2328
2688
6736
80
687
1151
4401
2264
3812
1563
5980
1717
3276
5289
5545
3459
3393
3417
2594
5412
5430
1032
2516
1098
2290
6272
723
2940
6494
2693
6255
5624
689
2470
3641
439
971
8275
3666
817
3835
1742
2236
1151
6161
813
7282
2369
1390
1416
2365
319
2229
5439
5002
1259
2774
8295
2181
1167
6422
1729
3447
4792
3417
4051
2258
19
3089
2977
1476
5185
813
3435
1888
5936
3456
78
6993
4402
3009
3568
2356
993
948
3453
2765
4488
1711
1966
3769
4134
1468
4189
1496
1992
1633
3392
4899
3010
7409
4726
3813
4456
613
6624
5171
6023
2565
2974
173
3453
3352
3073
2365
4688
1043
4261
4441
967
3642
1585
1555
1705
6006
1199
2658
77
2237
2062
3145
417
6594
4099
1150
844
6413
5132
2135
2691
4482
5772
42
122
2091
2746
1700
2356
147
5288
2617
312
2328
7688
4574
7094
11
7021
4151
3381
1646
29
1428
810
2504
5020
228
2003
1353
546
689
2777
6619
4051
2565
1661
2721
2713
2517
2699
2114
1513
7574
6
2923
2134
6523
4384
310
2397
4441
5468
4073
28
1847
854
68
1390
1487
5285
2972
1062
2117
29
178
2699
3320
2736
665
172
3009
2599
3092
6555
789
3479
1123
72
2667
3457
4551
2375
5814
7839
71
3089
5937
4966
2411
371
1374
3958
2233
4574
5179
650
1545
4179
1151
1493
5102
2485
2972
2871
4400
72
1489
5392
3290
1700
1114
3770
5524
7231
5179
8293
1637
7961
1311
4719
3352
2193
1385
4179
4338
2549
1335
35
1549
4191
4045
2506
7376
2746
2549
4846
3238
1888
4564
2657
1608
4712
4045
4764
2968
1775
3464
771
6900
3353
47
3678
7351
5254
2655
7302
2787
837
2109
4039
7239
6299
1756
1615
633
1705
1992
1284
109
4813
5714
5524
6442
312
5484
5527
1622
5188
3680
4297
4247
6029
8295
5897
1207
4715
5301
1705
5079
306
3902
2328
5680
1006
3926
2707
1754
659
379
3670
1142
6043
2547
2210
6907
5254
5462
6942
2815
2565
2517
3321
1714
1142
546
1346
1780
3028
5773
4459
4748
171
634
659
4191
5439
5020
2456
600
6736
3897
24
6982
5246
7021
5311
6262
1360
465
11
4530
1166
7005
7185
978
6523
7280
3661
7357
5739
6600
2794
11
187
94
1521
2651
3461
311
1135
2686
15
166
5714
4138
2967
1547
3682
7294
5799
5289
2257
7277
2693
2794
1419
1795
5506
1992
6006
4036
2565
2921
1407
956
4964
996
3962
5412
3661
3291
1166
1437
2066
2859
3772
4931
1204
3639
5743
579
3812
2660
7131
1520
2565
2653
8198
4073
5459
4502
5187
403
3381
2323
7874
6600
3291
960
1482
3949
4666
817
109
1395
219
144
2466
6914
971
1137
2398
3560
5172
5799
1140
636
4233
5
3142
5179
1281
4043
1032
1888
4208
3787
1307
5824
11
5816
2504
4483
2607
2101
4875
1191
3284
2062
3611
6615
1966
2655
3350
4218
609
6024
3333
275
5295
3099
950
6462
3089
766
2354
5655
2062
432
6148
4550
8284
4688
7809
5391
406
