4970	52
4971	4
3640	4
2306	30
4969	4
3638	4
3639	96
2302	3
2301	3
2300	3
3630	206
4962	604
3631	1538
4963	57
3632	4
4964	1120
3633	310
3634	1341
4965	8
3635	1073
4966	239
2309	14
4967	1877
3636	74
2308	2
2307	469
3637	21
4980	606
4981	957
3650	921
4982	313
3651	6
2320	11
2317	10
3649	4
2316	10
2315	2
3	237
2314	27
4	120
2313	2
5	89
2312	2
6	1142
2311	2
7	118
2310	3
3641	1553
8	713
4972	6
3642	1786
4973	47
9	260
4974	312
3643	1365
4975	9
3645	967
4976	147
4977	334
3646	446
3647	78
2319	17
3648	51
2318	10
3660	919
4991	3
3661	818
4992	125
3662	75
4993	164
1000	644
2331	9
2330	7
2328	2700
2326	1744
2325	536
2324	884
2323	1604
2322	794
2321	10
4983	718
3652	6
3653	15
4985	3
3654	7
4986	487
3655	48
4987	109
3656	23
4988	165
3657	8
4989	66
3658	290
2329	396
3659	234
3670	391
3671	38
3673	45
2342	79
1011	27
2341	455
1010	15
2340	158
2339	282
1008	62
2338	621
1007	239
1006	713
2337	4
1005	38
2336	4
1004	70
2335	4
1003	147
2334	4
2333	342
1002	12
2332	321
1001	12
4994	631
3663	19
3664	472
4995	11
3665	176
4996	11
3666	992
3667	54
4999	737
3669	9
1009	174
3680	751
3681	460
3682	441
3683	68
3684	14
1022	393
2353	6
2352	14
1021	5
1020	54
2351	6
2350	254
1018	419
2349	15
2348	247
2346	5
2345	296
1014	351
1013	107
1012	312
2343	10
3674	13
3675	6
3676	6
3677	31
3678	108
3679	13
3690	14
3691	1055
3692	90
3693	14
3694	14
3695	14
2364	928
1033	42
1032	472
2363	23
1031	611
2362	80
1030	96
2360	22
1029	611
1028	39
2359	8
1027	35
1026	1273
2357	80
2356	918
1025	5
1024	544
2355	15
2354	1006
1023	265
3685	29
3686	19
3687	14
3688	49
3689	33
2375	858
1044	114
1043	274
2374	6
1042	220
2373	17
1041	299
2372	33
2371	1330
2370	7
1039	184
2369	1405
1038	117
1037	618
2368	164
2367	40
1035	569
2366	187
2365	518
1034	551
3696	14
3697	14
3698	14
1055	1456
2386	176
2385	377
2384	1028
1053	358
1052	9
1051	296
2382	17
2381	1453
1050	258
2380	7
1049	607
2379	326
1048	11
2378	52
1047	7
1046	146
2376	304
1045	6
2397	493
1066	19
1065	51
2396	7
1064	81
2395	7
1063	206
2394	7
1062	1035
2393	21
1061	385
2392	7
1060	37
2391	8
2390	9
1059	24
2389	2
1058	16
2388	2
2387	471
1077	39
1075	621
1074	526
1072	1
1071	1
1070	1
1068	7
2399	10
2398	2380
1067	8
1080	283
1088	6
1087	19
1086	44
1085	24
1084	24
1083	11
1082	12
1081	7
1079	9
1078	31
1090	17
1099	55
1098	1656
1097	1049
1096	4
1095	58
1094	9
1093	9
1092	101
1089	40
200	7
201	99
202	25
203	274
204	1254
205	55
206	7
207	7
208	36
209	59
210	7
211	17
212	14
213	8
214	908
215	452
216	201
217	2
218	5
219	124
221	30
222	129
223	58
224	217
225	15
226	272
227	271
228	314
7201	140
7204	15
7203	11
230	356
231	241
232	281
233	15
234	15
235	22
236	300
237	224
238	17
239	15
7211	2
7210	2
7212	2
7215	9
7214	518
240	41
241	44
242	29
243	396
244	27
245	30
246	166
247	27
248	15
249	79
7220	10
7222	39
7221	10
7223	9
7226	25
7225	737
250	170
251	50
252	226
253	3
254	90
255	567
256	26
257	170
258	94
259	669
7217	2
7219	10
7218	10
7231	488
7230	35
7233	490
7232	16
7235	16
7234	16
7237	553
7236	148
260	19
261	204
263	102
264	7
265	157
266	40
267	7
268	14
269	140
7228	79
7227	50
7229	34
7241	112
7243	63
7246	46
7245	4
270	71
271	926
273	92
7240	3
274	183
275	366
276	13
277	3
7239	134
7238	348
7253	33
7252	8
7255	1
7254	45
7257	47
280	571
282	526
283	4
284	18
7251	8
285	614
7250	21
286	140
7266	34
7265	7
7268	6
7267	6
7269	6
290	1361
291	269
292	18
293	10
7260	9
294	3
7262	144
295	20
296	36
297	3
298	464
299	786
7277	491
7276	25
7279	680
7278	21
7271	31
7270	23
7273	6
7286	2
7285	2
7287	2
7289	74
7280	907
7282	4
7281	43
7284	3
7283	2
7297	9
7296	1
7299	2
7298	15
7290	38
7293	17
7292	1
7295	444
7294	256
3704	3
3705	48
3706	3
3707	3
3709	64
3700	7
3701	1
3702	3
3703	4
3715	8
3717	333
3718	5
3719	123
3713	105
3714	107
3726	495
3727	17
3728	728
3729	107
3720	605
3722	20
3723	73
3724	963
3725	34
3737	52
2405	5
2404	5
2403	16
2402	5
2401	1
2400	541
3730	17
3731	70
2409	168
3733	17
3735	67
2407	41
2406	9
3750	18
2416	625
3748	752
3749	75
2415	30
2414	33
2413	17
2412	29
2411	1755
2410	747
3742	22
3743	96
3744	11
3745	142
3746	14
2418	2
2417	28
3747	34
3760	7
3761	15
3759	7
2427	78
2426	202
2425	46
2423	25
2422	10
3751	95
3752	565
3753	14
3754	90
3755	914
3757	7
2429	9
3758	7
2428	1
3770	275
3771	18
3772	257
1110	4
2441	8
2440	1029
1107	4
2438	8
1106	24
2437	14
1105	25
2435	537
1104	4
1103	546
2434	9
2433	754
1102	70
1101	4
1100	432
3762	60
3763	22
3764	74
3765	8
3766	75
3767	136
1109	4
3769	435
1108	4
2439	8
3780	16
3781	7
3782	25
3783	7
2452	256
1120	3
2451	14
2450	8
2449	8
2448	8
2447	8
2446	8
1115	1
1114	245
2445	8
1113	56
2444	77
1112	4
2443	8
1111	850
2442	9
3774	2
3775	66
3776	153
3777	37
3779	10
3791	4
3792	765
3794	375
1132	352
2463	8
1131	168
2462	30
2461	8
1130	2
2460	8
1129	333
1128	206
2459	8
1127	604
2458	42
1126	8
2457	8
2456	876
1125	530
1124	250
2455	8
1123	346
2454	8
2453	8
3784	7
3785	324
3786	688
3787	1842
3788	11
2474	1460
1143	77
1142	338
2473	472
1141	98
2472	399
1140	383
2470	677
1139	8
1138	25
2469	14
1137	912
2467	22
1135	603
2466	8
1134	26
2465	8
1133	2157
2464	8
3796	1706
3797	7
3798	155
3799	39
2485	2843
1154	307
2484	96
1152	147
1151	3010
2482	21
1150	51
2481	74
2480	68
2479	206
1148	14
2478	26
1147	22
1146	13
2477	2
2476	189
1145	19
2475	336
1144	180
1165	541
2496	8
1164	815
2495	1
2494	1
2493	20
2492	1
1160	276
2491	1
2490	465
1159	527
2489	3
1158	1
1157	760
2488	170
1156	286
2487	7
1155	2
1176	15
1175	15
1174	15
1173	15
1172	15
1171	15
1170	19
1169	176
1168	209
2499	217
1167	1362
2498	13
1166	4092
2497	267
1187	11
1186	984
1185	760
1184	541
1183	41
1182	42
1181	15
1180	15
1179	91
1178	15
1177	15
1190	296
1198	65
1197	13
1196	192
1195	22
1194	1
1193	741
1192	85
1191	424
1189	3
1188	13
1199	519
300	88
301	81
302	120
303	16
304	537
305	31
306	1431
307	14
308	961
309	2
310	1363
311	2164
312	872
313	742
314	102
315	421
316	16
317	886
318	13
319	1182
320	35
321	346
322	306
323	5
324	185
325	460
326	53
327	42
328	54
329	17
7301	528
7300	2
7302	8
330	5
331	28
332	530
333	15
334	407
335	253
336	227
337	1
338	119
339	373
7310	2
340	111
341	269
342	6
343	11
344	6
345	65
346	877
347	32
348	259
349	79
7305	4
7304	113
7306	100
7309	2
7321	10
7323	104
350	474
351	57
352	29
353	30
355	5
356	323
357	3
358	54
359	30
7316	22
7315	87
7318	9
7317	40
7319	110
10	366
11	3190
7330	4
12	272
7332	10
6001	465
13	42
6000	451
14	454
15	2221
6003	3
16	110
7336	10
17	135
6005	3
7335	75
6004	738
18	60
19	300
362	60
363	133
364	48
365	31
366	56
367	19
368	78
369	2
7327	36
7326	7
7329	12
20	869
21	255
7341	370
6010	43
22	4
23	383
24	1770
7343	92
25	387
7342	3
26	285
6014	4
7345	3
27	456
6013	12
7344	9
28	756
6016	51
7347	12
29	867
6015	12
370	251
371	793
372	347
373	135
374	2
375	1
376	187
377	139
378	106
379	132
6007	28
6006	1171
7337	10
6009	122
30	217
31	41
32	62
6021	122
33	302
7352	93
7351	557
34	146
6020	159
6023	293
35	833
7354	42
36	1626
7353	12
6022	3
37	126
38	196
6024	170
7355	12
39	248
6027	76
7357	52
6026	23
381	5
382	5
383	312
7350	126
384	5
386	25
387	55
388	20
389	50
6018	4
7349	12
6017	12
7348	12
6019	4
40	31
41	101
42	393
43	17
6032	965
44	251
7363	3
7362	222
45	33
6031	13
46	257
7365	23
6034	4
47	771
6033	3
48	99
6036	3
49	190
6035	3
6038	45
6037	3
390	77
391	191
392	42
393	2
394	108
6030	3
395	245
7360	4
396	131
397	1
398	21
399	24
6029	329
7359	51
6028	10
50	248
51	91
52	1
53	276
54	257
6043	652
55	450
7374	3
56	1111
7373	531
6042	1
6045	62
57	50
7376	17
6044	600
58	213
59	465
7378	703
6047	159
6046	21
7377	3
6049	32
7379	28
6048	16
6041	63
7372	6
7371	3
60	76
61	164
62	55
63	21
64	147
65	24
66	279
6054	33
67	69
6053	16
68	1778
7387	44
7386	475
6055	25
7389	219
6059	81
7381	577
6050	16
7380	15
7383	20
6052	16
7382	13
6051	16
71	665
72	2020
73	62
74	337
75	317
76	11
77	89
78	126
6064	24
79	235
6067	27
7397	133
6066	27
6069	53
6068	201
7390	132
6061	12
7392	7
7391	547
6060	12
6063	12
7394	14
7393	167
6062	13
80	400
81	62
82	3
83	44
84	3
85	3
86	1090
87	1280
88	3
89	286
6075	119
6078	108
6070	42
6072	270
6071	33
6074	6
6073	6
90	462
91	9
92	8
93	100
94	394
95	186
96	19
98	30
99	152
6088	8
6081	17
6080	63
6083	89
6082	101
3803	839
3804	440
3805	3
3806	697
3807	662
3808	73
3809	193
3800	652
3801	4
3802	38
6098	560
6097	804
6092	14
6091	14
6094	351
6093	43
6096	62
3814	221
3815	84
3816	168
3817	3
3819	58
3811	108
3812	1159
3813	1219
3825	38
3827	18
3829	1
3821	5
3822	114
3823	16
3824	8
2504	1267
3836	5
3837	5
2503	6
2502	235
2501	248
3839	40
2500	6
3830	814
2509	66
2508	942
3832	7
2507	845
3833	19
2506	910
3834	5
3835	616
2505	6
3847	572
2515	2
2514	2
3848	2
3849	219
2513	2
2512	2
2511	449
2510	1168
3840	11
3841	11
3842	478
3843	1095
2519	15
2518	40
3844	5
2517	760
3845	73
2516	1545
2526	15
3858	2
2524	40
2523	26
2522	15
2521	15
2520	15
3850	49
3851	52
3854	1190
3855	54
2529	15
3856	167
2528	15
2527	29
3870	1
3871	525
2540	15
1206	7
3869	33
2537	15
1205	7
2536	15
2535	1944
1204	392
1203	352
2534	15
1202	388
1201	801
1200	1021
2531	35
2530	15
3862	10
3863	37
3864	2
3865	10
1209	8
3867	112
1208	7
1207	146
2538	15
3880	64
3881	36
2551	31
1220	134
2550	678
2548	84
2547	1020
1216	7
1215	491
2546	256
1214	14
2545	59
2544	714
1213	7
1212	48
2543	13
1211	1570
2542	1276
1210	1359
2541	294
3872	104
3873	715
3875	63
3876	30
3877	84
3878	8
2549	527
1218	208
3890	14
3891	7
3892	813
3893	154
2562	20
1231	7
1230	625
2561	10
2560	1364
2559	635
1228	99
2558	12
1227	7
2557	338
1226	7
2556	6
1225	7
2555	52
1224	8
1223	9
1222	428
2552	146
1221	443
3883	3
3885	510
3886	4
3887	525
3888	61
3889	8
1229	7
1242	63
2573	1
1241	503
2572	8
2571	129
1240	55
2570	332
1239	622
2569	36
1238	7
2568	33
1237	23
1236	820
2567	65
2566	334
1235	73
2565	5245
1234	547
2564	395
1233	73
1232	21
2563	8
3894	2
3895	2
3896	2
3897	1570
3898	643
1253	641
2584	3
2583	17
1252	10
2582	3
1250	377
2581	3
2580	303
1248	552
2579	580
1247	1050
2578	67
1246	21
2577	6
2576	2174
1245	39
2575	214
1244	6
1243	411
2574	15
2595	873
1264	3
2594	1260
2593	1179
1262	9
2592	697
1261	572
1260	130
2591	106
1259	411
2589	207
1258	5
1257	5
2587	556
1256	5
2586	7
1255	5
2585	1246
1254	5
1271	3
1270	43
1269	3
2599	417
1268	3
1267	1014
2598	45
2597	544
1266	75
2596	104
1286	790
1285	661
1284	530
1282	132
1281	50
1280	15
1279	949
1278	306
1277	126
1297	2343
1296	338
1295	5
1294	5
1293	170
1292	43
1291	711
1290	91
1287	33
1299	18
1298	8
400	34
401	1
402	225
403	572
404	14
405	250
406	349
407	1481
408	1
409	3
410	20
411	1
412	149
413	1
414	15
415	490
416	2
417	954
418	2
419	3
421	61
422	101
423	29
424	24
425	762
426	114
427	163
428	111
429	177
7400	595
7402	41
7401	13
430	15
431	167
432	1149
433	80
434	27
435	123
438	6
439	484
7413	7
440	145
441	6
443	15
444	20
445	17
446	15
447	313
7404	4
448	15
449	57
7403	4
7405	86
7407	17
7409	89
7420	4
7422	359
7421	50
7424	45
7423	68
450	15
451	15
453	1
454	42
455	20
456	20
457	3728
458	11
7415	41
7414	742
7417	5
7416	4
7419	4
7418	8
7431	17
7430	17
7434	38
460	20
461	25
462	25
463	26
465	823
467	83
468	2
469	74
7426	20
7425	70
7428	28
7427	18
7429	17
7440	45
7442	306
6111	109
6110	47
7441	4
7444	18
6113	10
7443	461
6112	10
7446	3
6114	14
7445	3
473	1
476	2
477	55
479	37
6106	72
6105	166
7436	121
7439	47
6108	20
6107	57
6109	68
6120	3
7451	3
7450	360
7453	3
6121	14
7452	30
6124	661
7455	9
6123	844
7454	3
6126	56
7457	4
7456	3
480	2
481	2
488	193
489	12
7448	3
6116	18
7447	3
6119	33
7449	231
6118	12
7462	3
6130	68
7461	3
6133	20
6132	2
6135	4
6134	55
7468	5
490	1
492	3
493	6
494	12
495	38
497	19
498	17
499	70
7459	3
6128	4
6127	13
7458	3
6129	4
6142	4
7473	5
6141	4
7472	3
6144	4
6143	4
7474	5
6146	62
7477	6
6145	4
7476	7
6148	392
7478	702
6147	4
7471	54
7470	5
6139	3
7469	5
7484	22
6153	8
7483	5
6152	8
6155	10
7486	5
7485	5
6157	32
6156	782
7487	5
6158	10
7480	5
6151	665
7482	5
7481	6
6150	1
6149	46
6164	115
6166	398
7497	297
6165	3
6168	9
7498	54
6169	19
7491	132
6160	43
7490	119
7493	114
6162	70
6161	189
7492	17
6175	10
6174	432
6177	15
6176	20
6179	57
6178	20
6170	460
6186	20
6185	20
6188	20
6187	20
6180	41
6182	38
6181	20
6184	29
6183	20
3902	293
3903	706
3904	2
3905	5
3906	2
3907	2
3908	16
3909	4
3900	14
3901	3
6197	22
6196	28
6199	20
6198	283
6191	20
6190	39
6193	20
6192	21
3914	115
3916	349
3917	198
3918	28
3919	516
3910	1113
3911	115
3912	221
3924	32
3925	57
3926	667
3927	11
3928	25
3929	21
3920	58
3921	94
3922	325
3923	10
2603	1
3937	467
3939	74
2609	62
3930	71
2608	57
2607	124
3931	11
2606	14
3932	21
2605	1022
3933	142
2604	289
3946	471
2614	31
2613	214
3947	17
2612	746
3948	166
3949	206
2611	69
2610	14
2619	1218
3941	2
2618	622
3942	61
2617	554
3943	4
2616	14
3944	4
2615	21
3945	5
2625	1985
3957	9
3958	1034
2624	14
2623	1129
3959	13
2621	38
2620	675
3952	10
2629	127
3953	9
3954	10
2628	9
2627	13
3955	16
3956	1113
2626	44
3970	599
1305	2026
2636	4
3968	9
3969	964
2635	4
1304	5
2634	4
1303	5
2633	4
1302	5
2632	8
1301	13
2631	8
1300	7
2630	15
3960	209
3961	130
3962	715
3963	1
3964	1
3965	663
2639	4
1308	11
1307	793
2638	98
3966	2
3967	433
2637	4
1306	93
3980	132
3981	8
2650	176
2647	236
1316	53
3979	22
1315	464
2646	903
2645	59
1314	3
2643	649
1312	1
2642	4
1310	724
2641	4
2640	4
3971	129
3973	399
3974	30
3976	1802
1319	1437
3977	119
1318	8
1317	4
3978	12
2648	1
3990	8
3991	81
3992	46
1330	365
2661	1
2660	1809
2658	1957
1327	3
2657	1282
1326	161
1325	3
2655	940
1324	8
1323	70
2654	1785
1322	567
2653	1748
2652	212
1321	201
2651	2227
1320	39
3982	236
3983	26
3984	29
3985	233
3986	8
3987	8
1329	15
2659	65
3989	18
1328	8
2672	91
1341	15
1340	20
2670	146
2669	442
1338	13
1337	7
2668	2
2667	1388
1336	46
1335	312
2665	460
1334	7
1333	4
2664	1
1332	6
2663	2
2662	570
1331	34
3995	395
3997	7
3998	9
3999	59
1339	34
1352	1145
2683	71
2682	4
1351	6
1350	524
2680	33
1349	8
2679	14
2678	5
2677	303
1346	19
1345	7
2676	45
1344	7
2675	3
2674	1204
1343	27
1342	40
2694	186
2693	1723
1362	16
2692	138
1361	6
1360	711
2691	414
2690	183
1359	29
2689	775
1358	183
2688	3441
1357	1340
1356	75
2687	500
2686	1486
1355	23
2685	576
1354	42
1353	632
2684	3
1374	3028
1373	18
1372	128
1370	7
1369	7
2699	460
1368	227
2698	104
1367	296
2697	1007
1366	5
2696	1099
1365	46
2695	56
1385	1193
1384	653
1383	13
1382	302
1381	317
1380	317
1379	6
1378	652
1377	463
1376	5
1375	272
1396	278
1395	990
1394	323
1393	568
1392	4
1391	1
1390	472
1389	232
1388	3
1387	2
1386	243
1399	1
1398	1
1397	1
501	46
502	20
504	1
506	326
507	2
511	12
513	15
514	104
515	36
516	1
517	33
519	1
520	1
521	45
522	1
523	1
524	43
525	78
527	4
528	4
529	4
7501	1
530	24
531	4
532	15
534	23
536	39
538	63
539	13
7510	569
7512	249
7511	84
540	5
541	11
542	51
543	5
544	8
545	398
546	936
547	5
7503	1
7502	17
548	5
549	406
7505	1
7506	4
7509	4
7508	32
7520	59
7523	23
7522	23
550	5
551	5
552	6
553	203
554	38
555	8
556	608
557	1
558	1
7514	6
559	283
7513	1
7515	1
7518	43
7517	156
6201	29
6200	62
7531	6
6203	20
7534	10
7533	35
6202	43
560	243
561	20
562	4
563	3
564	168
565	14
566	107
567	144
568	5
569	3
7525	23
7524	23
7527	1
7529	366
7528	1
7540	3
6212	14
7545	13
6214	6
7544	485
6213	17
570	20
571	3
572	47
573	3
574	19
575	200
576	6
577	6
578	6
579	701
6205	20
7536	3
6204	150
7535	3
6207	53
7538	3
6206	20
7537	3
6208	34
7550	13
6221	621
6220	97
6223	97
7554	17
7553	1185
6222	8
6225	59
6224	8
580	141
581	65
582	205
583	198
584	138
585	30
586	119
587	385
588	96
589	123
6216	30
7546	23
6215	8
6218	769
7549	24
6217	196
6219	5
7561	418
6230	10
6232	23
7563	1
7565	10
7564	186
7567	95
6236	4
6235	79
590	235
591	5
592	124
593	6
594	6
595	8
596	6
597	13
598	8
599	8
6227	581
6226	135
7557	70
6229	678
6228	8
6241	592
7572	3
7571	3
6240	3
7574	176
6243	594
6242	35
6245	70
7576	5
6244	1
7578	179
6247	7
6246	483
7577	5
7570	12
7569	54
6239	20
7583	46
6252	6
6251	479
6254	4
7585	2
6253	4
7587	668
6255	286
7586	31
7588	186
6257	27
7581	5
7580	111
7579	47
6248	67
6263	24
7594	16
6262	513
7593	163
6265	1
7595	8
6264	1
7598	148
7597	41
6269	122
7599	9
7590	22
6261	155
6274	41
6273	3
6276	3
6275	3
6278	56
6279	6
6270	804
6272	1060
6271	52
6287	13
6286	34
6288	13
6281	5
6280	325
6282	5
6296	440
6295	63
6298	31
6297	8
6299	1202
6292	8
6291	8
6294	8
6293	8
2702	534
2701	149
2700	1383
2709	6
2708	555
2707	1182
2706	147
2705	3
2704	391
2703	406
2713	1661
2711	104
2719	158
2718	1
2717	1
2716	1
2715	5
2724	394
2723	2
2722	2
2721	377
2720	184
2729	7
2728	7
2727	1011
2725	2
1404	3
1403	557
2734	7
1402	241
2733	23
1401	12
1400	14
2731	7
2730	31
1409	2
2739	24
1408	2
1407	368
2738	35
2737	142
1406	4
2736	155
1405	2
2746	949
1413	552
2744	198
1412	117
1411	303
1410	2
2740	127
1419	650
1418	239
2749	4
2748	4
1416	850
2747	1134
2760	783
2757	33
1426	2
1425	246
1424	323
2755	1
2754	741
1423	27
1422	5
2753	3
2752	97
1421	7
1420	251
2751	106
1429	18
1428	1386
2759	7
2758	16
1427	8
1440	8
2771	2
2770	162
1437	471
2768	456
1436	4
2767	1
1435	78
2766	1
2765	571
1434	2
2764	414
1433	14
2763	673
1432	37
2762	36
1431	2
2761	7
1430	8
1439	245
2769	2
1438	1
1451	14
2782	6
2781	118
1450	12
2780	31
1448	12
2778	128
1447	29
2777	286
1446	158
2776	2
2775	1414
1444	197
2774	1250
1443	20
1442	270
2773	3
1441	382
2772	4
1449	12
1462	349
2793	55
2792	117
1461	1
2791	126
1460	1
2790	1889
1459	1
2789	29
1458	1
1457	35
2788	16
2787	683
1456	1
2786	3
1455	1
2785	906
1454	1
1453	995
2784	6
1452	10
2783	6
1473	1200
1472	52
1471	808
1470	1109
1469	51
1468	390
2799	393
1467	43
2798	7
1466	160
2797	125
2796	60
1465	239
1464	417
2794	699
1463	184
1484	376
1483	279
1482	759
1481	2
1480	188
1478	101
1476	377
1474	11
1495	60
1494	9
1493	247
1492	1453
1490	275
1489	608
1488	17
1487	904
1486	104
1485	160
1499	51
1498	464
1497	539
1496	1757
600	1659
601	65
602	3
604	116
605	5
606	69
607	75
608	948
609	146
610	1
611	145
612	1
613	133
614	42
615	100
616	104
617	100
618	101
619	55
620	25
621	1
622	77
624	101
625	28
626	404
627	124
628	103
7600	9
631	150
632	4
633	936
634	972
635	413
636	280
637	504
638	3
639	96
7611	3
7610	3
7609	15
640	25
641	7
642	9
643	548
644	436
645	152
646	98
647	424
7601	12
7604	61
648	4
649	181
7605	50
7608	13
7620	1252
650	586
651	3
652	6
653	4
654	3
655	3
656	266
657	91
7613	3
658	169
659	419
7615	9
7614	188
7617	9
7616	9
7619	10
7618	412
7630	6
6302	185
7632	1241
6301	2
661	16
662	7
663	1099
664	248
665	467
666	7
667	412
7624	456
668	154
7623	7
7626	8
7625	28
7629	6
6311	121
7642	56
6313	15
7644	3
6312	17
670	80
672	4
673	327
674	177
675	198
677	230
678	1
6304	5
679	23
7634	100
6306	751
7637	4
6305	1354
7636	4
7639	2
6307	27
7638	2
7651	496
6320	383
7650	6
7653	62
6321	35
7652	112
6324	62
6323	547
681	189
682	141
684	100
686	411
687	108
688	16
689	253
7646	367
6315	13
6314	49
7645	3
7648	81
6317	17
7647	222
6316	148
6319	16
7649	534
7660	3
7662	536
6331	10
6330	710
7661	31
5000	5
7664	6
6333	2
5001	5
5002	1649
7663	7
6332	1
5003	11
7666	192
6334	458
7665	26
690	42
691	332
692	35
693	1
694	61
695	822
696	201
697	923
698	71
699	37
6326	15
6325	35
6328	536
7659	28
6327	1328
7658	90
6340	59
7670	7
5010	61
7673	127
5011	94
7672	3
5012	569
7675	179
6344	48
5013	70
6346	128
7677	62
5015	76
7676	18
6337	741
7668	84
5005	3
5006	241
6339	14
5008	228
7669	55
5009	97
7682	140
6351	8
5020	1510
6350	8
7684	3
5022	1907
7683	360
7686	3
6355	8
5024	16
7685	59
7688	84
5026	625
6356	15
7687	13
5016	46
7679	122
6348	8
5017	103
6347	662
7678	11
5018	8
6349	9
5019	19
5031	5
7695	339
5032	22
7694	390
5033	140
6366	5
7697	62
7696	9
5035	3
7699	714
5036	18
5037	747
6367	5
7698	4
6360	287
7691	144
7690	9
6359	531
5028	838
5029	234
5043	97
6375	7
5044	155
6374	7
5045	131
6377	80
6376	58
5046	19
5047	8
6379	3
5048	63
6378	6
6371	8
5040	19
5038	17
5039	29
5052	3
5053	318
6383	22
5054	8
5055	748
6388	575
5057	2
6387	3
5058	366
5059	98
6389	5
6380	10
5050	69
5051	39
6381	8
5063	6
6395	4
6394	40
5064	104
6397	4
5065	1
6396	4
6399	4
5067	2
6398	131
5068	69
5069	35
6391	4
5060	25
5061	570
6393	4
5062	6
6392	4
5075	84
5077	4
5078	12
5079	2336
5070	31
5071	4
5072	563
5073	599
5085	18
5086	1
5087	1
5088	1
5089	56
5080	13
5081	43
5083	494
5084	5
2801	286
2809	472
2808	23
2807	51
2805	501
2804	82
2803	3
2802	74
5096	437
5097	3
5098	9
5099	110
5090	12
5091	1
5092	715
5093	5
5095	9
2811	703
2819	786
2818	107
2817	2
2815	527
2814	451
2813	2
2823	1
2822	1029
2821	79
2828	564
2827	8
2826	8
2825	213
2824	1
2834	552
1503	5
2833	72
1502	6
1501	465
2832	218
2831	1026
1500	351
2830	738
1509	15
2839	29
2838	428
1507	142
1506	481
1505	22
1504	41
2835	1
1514	773
2845	22
2844	111
1513	211
2843	115
1512	5
2842	890
1511	4
1510	89
2841	17
2840	92
1519	3
1518	217
2849	1
2848	1
2847	1
2846	1
2856	587
1525	448
2855	81
1524	233
1523	2
1522	843
2853	1
2852	9
1521	1048
2851	1047
1520	275
2850	1
1529	10
2859	1498
1528	2
2858	22
1527	4
1526	27
2857	3
2870	7
2867	36
1536	4
2866	44
1535	6
1534	456
2865	7
1533	130
2864	7
1532	101
2863	31
1531	184
2862	21
1530	93
2861	7
2860	40
1539	19
1538	919
2869	7
1537	781
2868	7
1550	443
2881	4
2880	359
1547	566
2877	576
2876	6
2875	49
1542	1630
2872	521
2871	2639
1549	4429
1548	366
2879	4
2892	8
1561	1
1560	2
2891	8
2890	8
2889	140
1557	119
2888	8
1556	277
2887	8
1555	759
2886	15
2885	45
1554	42
2884	4
1553	114
1552	542
2883	169
2882	4
1551	4
1572	1
1571	811
1570	9
1569	192
2899	5
2898	15
1566	711
1565	353
2896	8
1564	413
2895	8
1563	155
2894	8
2893	8
1583	790
1582	91
1581	6
1580	335
1579	3
1578	3
1576	1
1575	6
1574	6
1573	433
1594	618
1593	342
1592	554
1591	2
1590	2
1589	53
1588	4
1587	264
1585	1365
1584	1
1599	6
1597	287
1596	510
1595	193
700	183
701	56
704	783
705	236
706	671
707	824
708	282
710	883
712	91
713	22
714	94
715	264
716	4
717	136
718	4
719	267
720	4
721	4
722	1990
723	256
724	13
725	177
726	1
727	264
728	28
729	1
730	496
731	1
732	10
733	394
734	1
735	1
736	11
737	2604
738	25
739	371
7708	4
741	385
742	593
743	129
744	73
7701	123
746	232
7703	12
748	138
749	638
7705	1
7704	1
7707	443
7706	3
7721	1
7720	3
7719	15
750	205
752	2
754	10
755	1
756	344
758	7
759	508
7716	13
7715	3
7717	13
7730	60
6400	376
760	173
761	588
762	2165
763	942
764	584
765	889
766	4212
767	23
768	36
769	1032
7724	4
7727	169
7726	499
7729	1
7728	4
7741	16
6410	7
7740	70
7743	64
6412	7
7742	8
6411	6
770	25
771	176
772	29
773	3
774	3
775	8
776	3
778	225
7734	48
779	121
7733	257
7736	9
7735	17
6407	336
7738	21
6406	4
7737	2
6409	189
6408	5
7750	9
6421	175
7752	12
7751	6
6423	2
7754	6
6422	495
7753	12
780	14
781	61
782	42
783	14
784	1499
785	14
786	15
787	85
788	653
789	2129
6414	941
7744	268
6413	6
7747	42
6416	13
6415	23
6417	677
7761	2
7760	2
5100	856
6432	471
7763	404
7762	2
5102	384
7765	11
5103	1040
791	309
792	2
793	63
794	264
795	432
796	29
797	34
798	334
799	2
7756	12
6424	289
7755	83
6427	39
7758	2
7757	405
6426	1
6429	1
7759	16
6428	7
7770	3
6441	609
7772	57
5110	522
7771	17
6440	35
6443	494
7774	151
5111	82
6442	486
5112	13
7773	3
6445	49
7775	84
5114	10
6444	8
5104	16
7767	12
6436	6
6435	101
7766	52
5105	9
5106	802
7769	58
6437	650
7768	27
5109	13
6439	3
7781	10
6450	4
7780	14
5120	24
6452	6
7783	10
5121	507
7782	10
6451	3
5122	5
6454	3
5123	1274
6453	3
6456	13
5124	5
5125	287
6455	3
6447	225
7778	266
5115	97
5116	14
6446	8
7777	3
5117	18
5118	84
6448	8
7779	13
5119	104
6461	66
7792	31
5130	723
6460	265
7791	139
5132	455
6462	151
5133	29
7796	2
7795	477
6464	118
6467	81
5135	4
5136	19
6466	2
7797	2
7790	32
6458	677
5126	15
7789	3
7788	393
5127	5
6457	5
5128	5
5129	5
6459	5
5140	640
6472	116
5141	113
6471	12
6474	290
5142	32
5143	81
5144	606
6475	29
5145	13
5146	47
6478	19
6477	19
6470	2
6469	11
5138	6
7799	83
6468	2
5139	73
6483	121
5151	34
5152	16
5153	34
6485	5
6484	62
5154	5
5155	606
6487	27
6486	420
6489	6
6488	173
5158	2
6481	632
5150	129
6480	2
5148	549
6479	110
5162	477
6494	592
6493	5
5163	2
6496	708
5164	6
6495	7
6498	458
5166	395
5167	2
6497	2
6490	7
6492	21
5160	51
6491	119
5161	2
5159	2
5173	661
5174	70
5175	298
5176	1151
5177	691
5178	999
5179	1851
5171	350
5172	237
5184	423
5185	838
5186	8
5187	165
5188	1688
5189	2152
2909	1004
5180	288
5181	257
5182	571
5183	5
2900	1254
2908	65
2907	53
2906	43
2905	17
2904	195
2903	71
2902	319
2901	31
5195	18
5196	191
5197	7
5198	68
5199	716
5190	485
5191	79
5192	5
5193	118
5194	50
2910	7
2919	21
2918	484
2917	225
2916	3
2914	186
2913	109
2912	760
2922	385
2921	2
2929	6
2928	125
2926	194
2925	528
2924	7
2923	893
2933	35
1602	2
2932	953
1601	25
1600	135
2931	7
2930	6
1609	3
1608	2253
2939	61
2938	18
1607	9
1606	11
2936	34
1605	21
2935	198
1604	236
1603	484
1613	315
2944	1
1612	378
1611	2
1610	257
2941	64
2940	1262
1619	290
1618	224
2949	3
2948	168
1617	1
2947	74
1616	1
1615	666
2946	231
1614	529
2945	1
2955	536
1623	257
2954	3
1622	1021
2953	89
1621	908
2952	4
2951	649
1620	14
2950	81
1629	168
1628	372
2958	1347
1627	3
1626	7
2957	2
2956	5
1625	10
2966	338
1635	3
1634	3
2965	3
1633	1435
2964	451
1632	22
2963	597
1631	25
2962	6
1630	19
2961	6
2960	6
1639	199
1638	311
2969	42
1637	451
2968	893
2967	1662
1636	65
2980	7
2977	320
1646	561
2976	43
1645	9
2975	12
1644	385
2974	300
2973	804
2972	2132
1641	375
2971	24
2970	24
1649	233
1648	676
2979	195
1647	133
2978	30
2991	235
1660	7
2990	26
2988	420
1657	94
2987	64
2986	22
1654	311
2985	16
1653	466
1652	203
2983	111
2982	2
1651	1
2981	1014
1650	4
1659	7
1658	406
2989	107
1671	1
1670	99
2999	586
1668	23
1667	347
2998	15
1666	5
2996	230
1665	5
2995	40
1664	23
2994	30
1663	6
2993	285
1662	240
1661	980
2992	2
1669	183
1682	5
1681	12
1680	878
1679	748
1678	229
1677	14
1676	9
1675	15
1674	69
1672	249
1693	40
1692	172
1691	281
1690	7
1689	162
1688	991
1687	119
1686	4
1685	5
1684	60
1683	7
1699	6
1698	6
1697	831
1696	26
1695	6
1694	6
800	5
801	18
802	146
803	282
804	17
805	774
806	102
807	2
808	26
810	437
811	5
812	23
813	1959
814	7
815	5
816	166
817	427
818	3
820	214
822	202
823	103
824	15
825	1860
826	1427
827	306
829	188
830	21
831	27
832	20
835	3
836	356
837	111
838	330
839	89
7808	84
7809	897
840	561
841	286
842	189
843	6
844	483
845	5
847	5
848	37
7804	1
7803	312
849	177
7806	17
7819	116
7818	93
850	23
851	7
852	298
853	314
854	601
855	10
856	1154
7810	471
7813	414
857	752
7812	27
859	510
7815	13
7814	4
6500	29
7831	6
7830	6
7829	16
860	31
861	332
862	2
863	207
864	188
865	619
866	152
7822	4
7821	4
867	2
868	181
869	40
7840	5
6511	126
7842	17
6510	294
7841	10
870	146
6509	4
871	620
872	134
873	256
874	2
875	103
876	3
7833	436
6502	63
877	7
6501	557
878	309
7832	6
879	977
7835	365
6504	23
6503	399
7834	6
7837	19
6506	4
6505	675
7836	6
7839	515
6508	4
6507	4
6520	13
7851	5
7850	5
7853	9
6522	125
6521	6
7852	5
880	1
881	181
882	141
883	17
885	185
886	22
887	503
7844	13
6513	4
888	1
7843	18
889	1
6515	4
7845	14
6514	4
7848	13
6517	8
6516	1
6519	5
6518	206
7849	5
7860	406
7862	495
5200	845
6530	46
7861	4
5201	90
7864	9
6533	3
6532	68
5202	4
7863	4
890	1
891	1
892	2
893	330
895	430
896	814
897	116
898	47
7855	432
899	72
6524	28
6523	957
7854	6
7857	89
6526	35
6525	129
7856	23
6528	403
6527	1
6529	137
7871	379
7870	1
5210	1074
7873	31
7875	5
6544	8
6543	59
7874	195
5213	1
5203	96
7866	3
6535	3
5204	603
7865	132
6534	3
6537	13
7868	1
6536	4
7867	1
5207	74
6539	3
5208	162
6538	82
7869	3
5209	10
7882	452
6551	29
6550	43
7881	4
6553	219
7884	35
5222	486
6552	473
7883	3
6555	963
7886	3
6554	354
7885	30
6546	16
7877	28
5214	1
5215	477
6545	25
7879	308
6548	59
5217	219
6547	8
7878	1
6560	1202
7891	6
7890	495
5230	2
7893	13
5231	62
7892	6
6561	12
5232	16
6563	380
5233	1232
7894	6
6566	607
6565	2
7888	3
5226	809
7887	3
7889	3
5229	1
6571	125
6570	391
5240	20
5241	5
6573	1
6572	1
5242	1
5243	115
6575	1
6574	1
5244	1
5245	288
6577	72
6576	545
5246	573
7899	112
6568	19
6567	125
5238	25
5239	526
5250	96
6582	2
6581	2
5251	1
6584	2
5252	1
5253	17
6583	2
5254	1751
6586	2
5255	137
6585	2
6588	3
6587	2
6580	2
6579	2
5247	2
6578	2
5248	4
5249	1
5261	17
5262	917
6592	54
5263	847
6595	481
6594	399
5264	48
5265	11
6596	928
6599	397
5267	48
6598	35
6590	80
5260	62
6589	389
5273	742
5274	15
5275	13
5276	47
5277	3
5278	3
5271	48
5269	5
5283	30
5284	21
5285	479
5286	38
5287	10
5288	1154
5289	426
5280	10
5281	10
5282	37
5294	6
5295	644
5296	189
5298	89
5299	5
5290	9
5291	9
1701	1143
1700	941
1709	34
1708	3
1707	431
1706	658
1705	769
1704	3
1703	3
1712	12
1711	76
1710	3
1719	78
1718	410
1717	1381
1716	158
1715	2
1714	316
1713	12
1723	594
1722	73
1721	3
1720	71
1729	763
1728	1
1726	427
1725	3
1724	3
1734	1249
1733	786
1732	342
1731	5
1730	636
1739	5
1738	11
1737	34
1736	5
1735	1
1745	3
1744	663
1743	3
1742	20
1741	48
1740	5
1749	713
1748	482
1747	302
1746	301
1756	413
1755	1
1754	1211
1753	1
1752	330
1751	256
1759	23
1758	438
1757	429
1770	69
1767	669
1766	166
1765	9
1764	9
1762	255
1761	2
1760	1
1769	1175
1768	300
1781	584
1780	261
1778	16
1777	595
1775	2
1774	581
1773	4
1772	1083
1771	53
1792	686
1791	298
1790	4
1789	37
1788	290
1787	494
1785	1
1784	1
1783	826
1782	3
1799	1101
1798	317
1797	1
1796	321
1795	343
1794	225
1793	148
900	27
902	11
903	49
904	895
905	5
906	92
907	290
908	680
909	61
910	7
911	97
912	28
913	264
914	41
915	46
916	22
917	5
918	214
919	5
920	56
921	24
922	1018
923	5
924	5
926	16
927	1
928	236
929	78
930	144
931	8
932	214
933	90
934	105
935	426
936	224
937	685
938	282
7907	63
7906	52
7909	7
7908	586
940	1
941	759
942	71
943	309
944	24
945	181
7901	152
946	1179
7900	109
947	639
7903	50
948	377
7902	91
949	35
7905	3
7904	48
7919	7
950	37
951	3
954	162
7910	458
955	164
956	396
7912	359
7911	3
957	6
958	321
7914	2
959	736
7913	58
7916	9
7915	4
7930	11
7929	46
7928	121
960	563
961	74
962	40
963	280
964	23
7921	155
966	179
7920	1
967	575
7923	3
968	295
7922	3
969	6
7925	3
7924	420
7927	367
7941	5
7940	5
6609	83
6608	117
7939	5
970	59
971	654
972	260
973	4
974	1055
975	333
7932	12
6601	4
976	3
6600	550
977	120
7931	16
978	983
7934	11
6603	4
979	160
7933	44
6602	4
6605	84
7935	11
6604	4
6607	42
7938	15
6606	217
7937	5
7950	4
7952	26
6621	17
6620	582
6619	502
980	2
981	228
982	475
983	58
984	62
985	234
986	567
6612	28
987	6
988	1791
6611	112
7942	5
989	312
6614	40
7945	40
6613	486
7944	6
6616	163
6615	819
7946	338
6618	855
7949	4
6617	19
7948	10
7961	663
6630	6
7960	5
6632	424
5300	5
5301	784
990	4
991	151
992	1
993	1968
994	535
995	142
996	1672
998	142
7954	3
999	374
6622	13
7953	3
6625	21
7956	3
6624	1218
7955	3
6627	255
6626	77
7957	34
6628	179
7959	5
7970	3
6641	8
5310	22
5311	85
7974	6
6643	34
5312	216
6634	1153
7965	336
7964	75
5303	28
6633	10
7967	21
6636	31
5305	346
6635	58
7966	3
5306	51
6638	5
7969	3
7968	26
5308	202
5309	62
6650	13
7980	70
5320	83
6652	13
5321	873
6651	13
7985	25
5322	6
6654	13
5323	432
6653	13
5313	101
7976	6
6645	20
5314	9
7975	6
6644	13
5315	9
7978	3
6647	13
5316	193
6646	41
5317	162
6649	159
7979	398
6648	18
7992	330
6661	44
7991	14
5330	2
6663	173
7994	112
4000	28
4001	222
5332	36
7993	21
6665	1062
7996	105
5333	14
5334	31
5324	76
6656	1
6655	43
5326	154
6658	54
5327	398
6657	67
5328	2
5329	7
6670	64
6672	7
5341	527
6671	25
4010	12
4011	979
5342	216
6674	8
4012	98
5343	12
6673	7
4013	807
6676	62
5344	24
5345	3
4014	20
6675	7
5335	821
7998	2
6666	26
5336	23
4005	5
4006	12
5337	3
4007	102
6668	82
7999	2
5339	113
4008	65
4009	100
6681	10
5350	35
6680	9
4020	38
5351	55
4021	635
5352	39
6682	72
6685	55
5353	3
5354	35
4023	7
4024	345
6686	100
5356	5
4025	8
4015	27
5346	3
6678	7
5347	16
4016	12
6677	7
5348	3
6679	7
4019	8
5360	120
6692	42
5361	35
4030	103
4031	181
5362	5
5363	25
5364	112
6696	2
5365	6
6695	6
4034	15
6698	3
5366	13
4035	1
4036	933
5367	6
6697	2
5357	5
4026	9
4027	25
5358	5
4028	8
4040	1260
4041	1082
4042	153
4043	560
4044	972
5375	124
4045	1405
5376	6
4046	523
5377	6
4047	171
5378	336
4037	2401
5368	82
6699	426
4038	3
4039	52
4051	351
5382	159
5384	360
4053	12
5385	6
4055	795
5386	18
4056	125
5387	124
5388	29
4057	7
4058	244
5380	13
5381	26
4048	4
4049	67
5393	183
4062	19
4063	251
5395	5
4064	8
4065	1350
5396	54
4066	49
5397	10
5398	18
4067	8
4068	91
5399	84
4069	8
5390	20
5391	330
5392	563
4061	8
4059	39
4073	746
4074	260
4075	8
4076	593
4077	590
4078	85
4079	20
4070	632
4071	694
4072	657
4086	11
4088	276
4089	22
1809	10
4080	4
4082	84
4083	5
1800	120
1808	1282
1807	41
1806	3
1805	362
1804	3
1803	138
1802	300
4095	12
4096	7
4097	7
4098	563
4099	2113
4090	6
4091	6
4092	6
4093	1
1811	583
1810	3
1819	86
1816	574
1814	1450
1813	301
1812	17
1822	48
1821	30
1820	632
1829	18
1828	8
1827	11
1826	5
1825	5
1823	639
1833	94
1832	33
1831	26
1830	26
1839	5
1838	258
1837	373
1836	738
1835	952
1834	5
1844	3
1842	900
1841	5
1840	11
1849	418
1848	454
1847	1031
1846	3
1845	3
1855	654
1853	3
1852	3
1859	479
1858	393
1857	260
1856	7
1866	2
1865	212
1864	271
1863	4
1862	13
1861	183
1860	7
1869	23
1868	67
1867	3
1880	347
1876	28
1875	242
1874	60
1873	13
1872	49
1871	13
1870	13
1879	77
1891	226
1890	5
1888	713
1887	12
1886	26
1885	343
1884	245
1883	2
1882	1
1881	1
1889	5
1899	34
1897	7
1896	369
1895	2
1894	2
1893	694
1892	28
6707	55
6709	31
6700	170
6702	69
6703	6
6706	15
6705	3
6720	474
6719	9
6711	30
6710	27
6713	17
6712	284
6715	778
6714	893
6717	16
6731	9
5400	26
6730	9
6729	9
6721	57
6724	79
6723	23
6726	62
6725	292
6728	9
6727	9
5410	2
5401	13
6732	9
6735	3
5404	1290
6734	22
6737	228
5405	42
6736	634
5406	201
6739	425
6738	3
6751	1
5421	312
6753	16
5422	13
6752	4
5412	1714
6744	9
6746	7
5415	394
6745	3
5416	1
5417	115
6747	26
5418	13
5419	46
6760	8
5430	709
6762	24
5431	4
4100	7
5432	396
6764	8
6755	105
5423	1040
5424	26
5426	115
6756	17
5427	250
6759	202
5428	40
6758	35
5429	7
6771	11
6770	662
5440	10
4110	762
6773	6
6772	426
4111	196
5442	17
6775	15
6774	882
4103	627
5434	21
6766	61
6765	497
4104	28
5435	6
5436	10
6768	2
4105	5
5437	498
6767	10
4106	5
5438	9
4107	5
5439	642
6769	51
4108	6
4109	5
6780	481
6782	2
4120	26
6781	41
6784	1014
5452	697
4121	22
6783	481
4122	14
5454	765
4123	144
4124	1514
5455	83
5445	847
6777	153
5446	130
6776	30
4116	75
6779	13
5447	6
4117	188
6778	13
5448	25
5449	1001
4119	43
6790	610
5460	2
4130	19
6793	6
5461	2
4131	14
5462	117
5463	516
4132	14
6795	10
4133	20
6794	7
4134	397
5465	437
6797	7
5466	410
4135	21
6788	93
4125	19
5456	33
5457	460
4126	21
4127	590
6789	567
5459	1288
4128	62
4129	15
5470	69
5471	30
4140	53
4141	34
5472	90
4142	227
5473	2
4143	14
5474	53
4144	582
5475	5
4145	19
5476	4
4146	14
5477	2
4136	164
5467	158
4137	44
5468	59
6798	7
4138	872
5469	14
4139	14
4150	129
5481	55
4151	645
5482	550
4152	363
5483	8
5484	1207
4153	14
4154	14
5485	160
4155	47
5486	8
5487	344
5488	8
5480	12
4147	17
5478	74
5479	524
4148	24
4149	28
4162	807
5494	3
4163	9
5495	24
4164	21
5496	3
4165	5
5497	3
4166	5
5499	140
5490	8
5491	8
5489	69
4159	13
4173	293
4174	4
4175	477
4176	5
4177	4
4178	17
4179	870
4170	1
4171	57
4169	41
4183	112
4184	14
4185	14
4186	53
4187	65
4188	79
4189	503
1909	5
1908	404
4180	3
4181	268
1907	5
1906	5
1905	5
1903	386
1901	260
1900	5
4194	16
4195	15
4197	46
4198	3
4199	238
1919	1443
4190	35
4191	1847
4192	41
1918	774
1917	2
1916	2
1915	602
1914	9
1913	5
1912	27
1911	5
1921	1
1920	183
1929	5
1928	46
1927	366
1926	5
1925	152
1924	50
1923	7
1922	1079
1932	5
1931	109
1930	5
1939	5
1938	5
1937	90
1935	410
1934	5
1933	5
1943	30
1941	3
1940	37
1948	80
1947	144
1946	19
1945	19
1944	20
1953	318
1952	11
1951	228
1950	24
1959	2
1958	2
1956	1024
1955	47
1965	359
1964	601
1963	395
1962	143
1961	194
1960	2
1969	511
1968	11
1967	151
1966	841
1976	27
1975	7
1973	493
1972	1623
1971	36
1970	11
1979	384
1978	7
1977	487
1990	1084
1987	428
1986	115
1985	512
1984	467
1983	200
1982	1322
1981	8
1980	318
1989	4
1988	4
1997	736
1996	17
1995	27
1994	17
1993	12
1992	717
1991	600
6807	1
6806	115
6809	89
6808	1
6801	22
6800	8
6803	301
6802	3
6805	86
6804	21
6818	12
6819	5
6810	2
6812	5
6811	2
6813	25
6816	5
6815	19
6829	29
6828	4
6821	5
6822	14
6824	5
6826	15
6841	15
6840	98
5510	1
5508	3
5509	554
6832	1177
5500	239
5501	15
6834	26
6833	664
5503	12
5504	6
6836	5
5505	3
6835	5
5506	527
6837	2
5507	3
6850	298
5520	21
6852	3
5521	60
5519	11
5511	371
6843	5
5512	26
6842	5
5513	203
6845	12
5514	105
6844	5
5515	89
6846	18
5516	16
5517	11
6848	131
5518	11
6861	7
6860	617
5530	11
5531	1458
4200	33
6863	25
4201	595
5532	249
6862	4
6854	4
5522	11
5523	11
5524	2684
6856	4
6855	749
5525	11
5526	82
6858	5
5527	541
5528	44
5529	812
6859	93
6870	32
5540	11
4210	4
5541	2
4211	575
5542	25
4212	836
5543	1804
6873	458
6865	135
5533	11
4202	4
5534	124
6864	12
4203	4
6867	38
5535	10
4204	5
5536	39
4205	50
6866	14
6869	684
5537	10
4206	4
4207	4
5539	371
4208	12
4209	4
6881	10
5550	77
6880	18
4220	81
5551	43
6883	13
4221	316
5552	49
5553	269
4222	319
6885	122
4223	55
5554	7
6884	2
5544	31
4213	27
6876	9
4214	53
5545	651
6875	537
4215	13
6878	9
4216	67
6877	9
5548	6
5549	86
4218	166
4219	885
6890	127
6892	108
5561	5
4231	235
5562	94
5563	998
4232	4
5564	78
4233	557
6896	20
4234	332
5565	45
6895	38
4224	116
5555	6
6886	42
4225	7
6889	13
5558	7
4228	25
5559	304
4229	10
5570	31
5571	12
4240	8
5572	12
4241	8
5573	12
4242	8
4243	8
4244	8
4245	21
5576	6
5566	16
4235	60
6897	506
5567	1
5568	389
5569	47
6899	29
4238	10
5580	4
4250	9
5581	6
5582	917
4251	5
4252	28
5583	6
5584	599
4254	99
4255	59
4256	1008
5587	1
5577	57
4246	8
4247	1015
5578	1
5579	7
4248	6
4249	5
5591	158
4260	2
4261	775
5592	242
4263	683
5594	4
5595	4
4264	2
5596	765
4265	17
4266	803
5598	8
4267	5
5590	50
5588	38
4257	5
5589	90
4259	2
4272	56
4273	107
4274	8
4275	20
4276	714
4277	8
4278	8
5599	8
4269	714
4282	59
4283	2
4284	2
4285	9
4289	596
4280	8
4279	8
4295	156
4296	3
4297	1181
4298	518
4299	678
4290	754
4291	30
4292	57
6906	243
6905	6
6908	6
6907	1252
6909	6
6900	286
6902	145
6901	505
6917	98
6916	286
6918	639
6911	27
6910	6
6913	896
6912	51
6915	8
6914	1122
6928	5
6927	3
6929	4
6920	52
6922	12
6921	12
6924	179
6923	103
6926	2
6940	1
5607	20
6938	129
5608	105
5609	20
6930	554
5600	62
5601	28
6933	126
5602	8
6935	34
5603	15
6934	1031
5604	57
5605	778
5606	158
6936	27
6951	273
5620	359
6950	40
6949	17
6942	161
5610	40
6941	354
5611	20
5612	495
6943	12
5613	20
6946	989
5614	341
6945	388
5615	44
5616	143
6948	316
5617	250
6947	1
6960	15
5630	389
6962	15
6961	18
5631	36
5629	5
6953	351
6955	574
5623	162
5624	535
6954	5
5625	5
5626	403
6959	49
5627	9
6958	15
5628	5
6971	29
5640	390
4310	2368
4311	76
6972	11
5633	3
6963	15
4303	67
5635	78
4304	3
6965	21
6968	3
4305	3
5637	645
6967	102
4306	3
5638	445
4307	7
5639	226
6969	3
4308	38
6980	542
6982	216
5650	300
5651	562
4320	10
6981	2
5652	5
4321	10
6984	42
5653	4
4322	1
6983	3
4312	48
5643	45
6975	69
5644	166
4313	38
6974	12
4314	41
4315	735
6976	729
5646	1
6979	868
4316	96
5647	70
4317	21
5648	2
6978	5
5649	2
4318	28
4319	49
6991	132
5660	15
6990	7
6993	558
5661	19
4331	221
5662	12
4332	43
5663	117
6995	2
6994	471
5664	48
4333	21
3002	733
3001	79
3000	607
4323	413
6986	5
5655	575
4324	83
6985	1
4325	51
5656	14
4326	86
5657	25
6987	11
4327	46
5658	65
4328	44
5659	12
4329	162
5670	35
5671	439
4340	2
4341	327
4342	50
5673	33
4343	38
5674	5
5675	49
4344	9
3013	3
3012	3
3011	3
3010	1167
3009	892
3008	8
3007	936
3006	198
3005	1233
3004	32
3003	8
6997	51
5665	14
4334	11
4335	1702
5666	65
6996	1
6999	8
5667	18
4336	11
6998	8
5668	37
4337	11
4338	1101
5669	16
5680	407
4351	163
5682	1
5683	611
4352	3
4353	590
5684	646
4354	47
5685	19
4355	519
5686	25
3024	1146
3023	30
3022	13
3021	550
3020	810
3019	13
3018	560
3017	39
3016	21
3015	750
3014	811
4345	12
5676	7
4346	2
4347	151
5678	1
4348	2
5679	1
4349	416
5690	3
5691	265
4360	4
4361	824
5692	169
5693	643
4362	4
4363	202
5694	47
4364	220
5695	18
5696	291
4365	466
5697	2021
4366	8
3035	74
3034	1364
3033	1031
3032	1478
3031	428
3030	650
3029	625
3028	1618
3027	1034
3026	1868
3025	40
5687	19
5688	19
5689	3
4358	2
4359	41
4370	1
4371	28
4372	1
4373	466
4375	36
4377	90
3046	57
3044	66
3043	20
3042	20
3041	128
3040	52
3039	157
3038	20
3037	98
3036	61
5698	17
4368	1
4369	14
4381	5
4382	5
4383	13
4384	707
4385	194
4386	149
3057	344
3056	530
3055	367
3054	4
3053	99
3052	4
3051	4
3050	311
4380	5
3049	27
3048	4
3047	53
4378	5
4379	45
3060	16
4393	1
4394	1
4395	7
4396	1
4397	1
4398	39
4399	1
3068	176
3066	13
3063	3
3062	285
3061	5
3059	825
4389	2
3071	2
3070	6
3078	8
3077	26
3076	2
3075	9
3074	2
3073	612
3072	184
3082	49
3081	174
3080	130
3089	1925
3088	290
3087	47
3086	43
3085	8
3084	1615
3083	17
3092	1124
3091	8
3090	104
3099	339
3098	243
3096	13
3095	228
3094	71
5706	43
5707	29
5708	87
5709	101
5702	51
5703	3
5704	29
5705	213
5717	11
5718	13
5710	8
5711	8
5712	8
5713	73
5714	1183
5730	3
5729	2
5720	15
5721	552
5722	19
5740	25
5741	101
5739	967
4408	11
4409	29
4400	1043
5731	3
5732	499
4401	486
4402	330
5733	5
4403	64
4404	3
5735	5
4405	11
5737	500
4406	8
5738	409
4407	11
5750	38
5751	2
5752	2
4411	73
5743	850
4412	347
5744	1
5745	136
4415	139
5746	6
4416	106
5747	9
4417	455
5748	6
5749	13
4418	1
5760	842
5761	63
4430	31
4431	37
4432	344
5763	19
3101	15
4422	545
5753	473
5754	24
4423	2
4424	654
5755	1
5756	173
4425	7
5757	144
4426	46
4427	17
4428	74
4429	64
5770	31
5771	58
4440	36
4441	1266
5772	297
5773	878
4442	121
4443	72
5774	7
3112	8
3111	6
3110	177
3109	78
3108	59
3107	94
3106	563
3105	11
3104	213
3103	724
3102	1
4433	132
5764	7
4434	20
5765	7
4435	402
4436	20
4437	449
5768	74
5769	43
4438	55
4439	17
5780	548
5781	7
4450	5
4451	60
5782	9
5783	141
4452	5
5784	200
4453	522
5785	13
4454	7
3123	21
3120	37
3119	22
3118	12
3117	1427
3115	90
3114	558
3113	8
5775	899
4444	17
5776	571
4445	17
4446	22
4447	99
5778	28
4448	1074
4449	5
5790	428
4460	6
5792	53
4461	7
5793	5
4462	3
4463	723
4464	3
5796	1238
4465	16
3134	4
3133	4
3132	20
3131	4
3130	455
3129	21
3128	7
3127	105
3126	283
3125	706
3124	21
5786	8
4455	151
5787	213
4456	20
5788	27
4457	7
4458	4
5789	2
4459	21
4470	1
4471	163
4474	14
4476	43
3145	405
3144	1210
3143	13
3142	232
3140	903
3138	54
3137	18
3136	694
3135	4
4466	187
5797	15
5798	504
4467	2
5799	646
4468	414
4469	8
4480	343
4481	6
4482	524
4483	1434
4485	721
4486	197
4487	187
3156	7
3155	147
3154	1
3153	1
3152	3
3151	3
3150	610
3149	5
3148	779
3147	39
3146	3
4477	6
4491	15
4492	10
4493	15
4494	15
4495	15
4496	27
4497	15
4498	9
3167	6
3166	6
3165	6
3164	481
3163	3
3162	20
3160	23
4490	16
3159	80
3158	3
4488	824
4489	169
3176	43
3175	329
3174	11
3173	553
3172	80
3171	53
3169	15
3168	523
3181	27
3180	591
3189	94
3188	141
3187	14
3186	14
3185	22
3184	14
3183	33
3182	14
3192	1394
3191	832
3190	93
3199	89
3198	6
3197	20
3196	137
3193	102
8002	230
8000	2
8001	2
8006	1
8007	16
8005	4
8013	4
8011	4
8012	53
8010	10
8009	4
8024	57
8025	16
8023	6
8028	15
8027	1
8021	8
8019	32
8035	8
8036	69
8033	24
8037	335
8038	11
8046	52
8047	62
8044	290
8045	15
8048	5
8049	4
8042	449
8043	37
8040	6
8041	19
8057	4
8058	17
8055	4
8056	4
8050	87
8053	72
8054	15
8051	337
8052	4
8068	53
8069	21
8066	50
8060	13
8061	57
8064	10
8065	10
8062	10
8063	17
8079	31
8077	7
8071	2
8072	2
8070	2
8075	1
8076	1
8073	206
8074	1
8088	7
8083	384
8080	3
8081	3
8086	6
8087	6
8084	6
8085	95
5805	74
5806	969
5807	433
5808	30
5809	217
5800	1796
5801	103
5802	1953
5803	14
5804	774
8099	21
8093	19
8094	21
8091	19
8092	50
8097	12
8098	21
8095	19
8096	19
5816	537
5817	1036
5818	997
5819	668
8090	74
5810	251
5811	870
5812	616
5813	10
5814	1602
5815	15
5827	723
5828	618
5829	756
5820	101
5821	183
5822	1109
5823	60
5824	560
4507	336
5838	11
5839	794
4508	6
4509	46
5830	78
4500	371
5832	40
5833	1
4502	5
5834	22
4503	4
5835	298
4504	8
5836	75
5837	290
5850	143
4510	807
4511	105
5844	705
5846	2
4516	4
5848	475
5860	183
4530	902
5861	7
4531	678
5862	251
3200	440
4529	357
4521	15
5852	1
5853	1
4523	5
5854	1
4524	78
5855	79
5856	4
5857	581
4526	14
4527	558
4528	558
5859	25
5871	1021
5872	889
5873	41
4542	37
3211	21
3210	41
3208	37
3207	2
3206	2
3205	1
3204	3
3203	3
3202	58
3201	25
5863	495
4532	47
4533	11
5864	3
4534	725
4535	20
5866	3
4536	1714
5868	10
4538	2
3209	261
5880	15
4550	646
4551	561
5882	17
4552	92
5883	15
5884	23
4553	27
3222	15
3221	15
3220	15
3219	15
3218	15
3217	15
3216	23
3215	15
3214	15
3213	15
3212	15
4543	20
5874	5
5875	5
4545	5
5876	5
5877	42
4547	937
5878	5
5890	46
5891	445
4560	19
4561	20
5892	23
4562	147
4563	51
4564	299
5895	8
3233	13
3232	3
3231	3
3230	3
3229	3
3228	5
3227	172
3226	5
3225	105
3224	15
3223	15
5885	13
4554	2
5886	672
4555	2
5887	210
4556	2
4557	370
5888	2
4558	162
5889	2
4574	1010
4575	12
3243	377
3242	47
3241	3
3240	3
3239	8
3238	1332
3237	31
3235	168
3234	3
5896	30
4565	14
5897	683
4566	22
4567	25
5899	23
4568	10
4569	5
4580	7
4581	13
4582	32
4583	139
4584	85
4586	59
3255	141
3253	1002
3252	299
3251	634
3250	30
3249	15
3248	4
3247	7
3246	4
4576	103
4577	8
4578	924
4591	33
4592	31
4593	1
4594	4
4595	21
4596	4
4597	4
3266	66
3265	803
3264	3
3263	3
3262	108
3261	3
3260	908
3259	24
3258	1406
3257	4
3256	236
4587	940
4588	471
3277	14
3276	1532
3275	124
3274	1111
3273	14
3272	17
3271	142
3270	27
3269	55
3268	33
3267	1
4598	460
4599	6
3280	24
3288	6
3285	75
3284	634
3282	58
3281	14
3279	22
3278	24
3291	1527
3290	297
3299	3
3298	3
3297	583
3296	14
3294	8
3293	392
3292	55
8101	21
8102	21
8100	21
8105	21
8106	21
8103	21
8104	21
8112	23
8110	21
8111	30
8114	21
8115	21
8109	21
8107	73
8108	21
8124	245
8121	383
8122	321
8128	350
8120	1
8118	1
8119	1
8134	458
8135	2
8132	104
8138	2
8139	33
8136	2
8137	2
8130	89
8131	1
8145	2
8146	5
8144	2
8149	39
8148	76
8141	330
8142	2
8140	2
8156	29
8157	20
8155	9
8158	9
8159	9
8152	51
8153	4
8150	2
8167	2
8168	352
8165	4
8166	2
8169	153
8163	378
8161	3
8162	29
8178	322
8179	3
8177	3
8170	8
8171	15
8174	493
8172	7
8173	31
8189	18
8187	4
8181	3
8182	3
8180	3
8186	37
8183	3
8184	3
5907	3
5908	105
5909	10
5902	719
5903	17
8198	275
8199	1
8192	469
8193	19
8190	14
8196	2
8197	2
8194	6
8195	6
5915	251
5916	55
5917	14
5919	23
5910	44
5911	10
5913	58
5914	19
5926	50
5927	61
5928	481
5920	42
5921	32
5922	478
5923	25
5924	2
5925	460
5937	14
5938	18
4607	3
5939	22
4608	3
4609	7
5930	27
4600	898
5931	56
5932	696
4601	6
5933	420
4602	13
5934	227
4604	446
5935	66
5936	507
4605	101
5950	379
4617	5
5949	11
4618	28
5940	84
5941	14
5942	25
4611	17
5943	3
4612	1
4613	514
5944	4
5945	46
5946	13
4615	5
5947	660
4616	58
5960	16
4630	70
5961	99
5959	5
4629	4
4620	181
4621	110
5952	76
4622	4
4623	23
4624	25
5955	28
4625	122
5956	13
4626	48
4627	4
5958	12
4640	5
5972	148
4641	3
3310	512
3307	615
4639	36
3306	46
3305	58
3304	233
3303	3
3302	3
3301	221
3300	20
4631	286
5962	7
4632	1498
5963	426
4633	62
5964	5
5965	38
5966	37
4635	2
5967	4
4636	3
3309	640
5969	280
5980	324
4650	113
5981	48
4651	17
5982	22
4652	82
5983	9
3321	786
3320	370
3318	19
3317	116
3316	43
3315	93
3314	19
3313	241
3312	19
3311	16
5973	282
4644	8
4645	194
5977	171
4646	310
4647	194
5978	4
4648	160
3319	205
4649	2
5990	9
5991	198
4660	4
4661	787
5992	3
4662	803
5993	44
5994	497
4663	93
2001	819
3332	3
3331	3
2000	2
3326	105
3325	55
3324	353
3323	15
3322	8
4653	1314
5984	107
4654	109
5985	9
4655	18
5986	9
5987	9
5988	23
4658	28
5989	9
4659	24
4670	12
4671	54
4672	22
4673	443
4674	16
3343	90
2012	14
2011	13
3342	8
2010	151
3341	7
3340	42
2009	472
2008	5
3339	7
2007	182
3338	597
2005	6
2004	360
3335	3
2003	487
3334	1629
3333	93
2002	1
4664	70
5995	14
4665	54
4666	1297
5997	4
5998	933
4667	12
5999	144
4668	12
4669	94
4681	127
4682	66
4683	3
4684	30
3354	54
2023	5
3353	44
3352	3012
2021	5
3351	617
2020	5
3350	449
2019	5
3349	41
2018	13
3348	407
2017	5
2016	643
3346	590
2015	5
2014	535
3345	239
2013	5
3344	7
4675	8
4677	183
4678	132
4692	7
4693	8
4694	6
4695	6
4696	6
2034	5
2033	181
2032	5
3363	6
2031	5
3362	5
3361	9
2030	5
3360	5
2029	13
2028	2
3359	5
2027	5
3358	5
2026	5
3357	8
2025	5
3356	5
2024	6
3355	7
4686	416
4687	785
4688	391
4689	373
3376	337
2045	5
3375	319
2044	14
3374	20
3373	81
2042	13
2041	55
3371	517
2040	5
3370	2
2038	19
3369	2
2037	60
3368	2
2036	13
3367	7
3366	443
2035	6
4697	7
4698	6
4699	6
2056	11
2055	140
3386	156
2054	22
3385	10
2053	324
3384	34
2052	76
3383	21
3382	9
2051	2
3381	1189
2050	22
3380	336
2049	14
3379	143
3378	357
2047	3
3377	32
3390	344
3398	6
2067	11
2066	1917
3397	26
2065	420
3396	8
2064	26
3395	6
3394	1611
2063	98
2062	995
3393	752
3392	235
2061	18
3391	39
2060	175
2059	35
3389	20
2058	11
3388	189
2057	11
2070	3
2077	5
2076	319
2073	405
2072	749
2071	585
2069	158
3399	14
2068	8
2081	6
2088	18
2085	297
2084	20
2083	54
2082	7
2079	260
2092	16
2091	370
2099	83
2097	363
2096	4
2095	274
2094	8
2093	346
8204	59
8205	2
8202	2
8203	2
8211	30
8212	380
8215	4
8216	5
8213	7
8214	13
8209	369
8206	2
8222	31
8221	2
8226	65
8227	4
8224	331
8225	51
8219	380
8233	1
8231	1
8232	1
8237	246
8238	13
8235	17
8236	1
8242	3
8243	26
8249	216
8246	76
8241	5
8255	10
8256	10
8253	10
8254	10
8251	9
8252	10
8266	3
8264	3
8265	3
8262	1
8263	25
8260	1
8261	1
8277	41
8275	56
8276	26
8270	6
8273	1
8274	1
8271	25
8272	1
8288	95
8289	14
8286	29
8287	143
8284	42
8285	31
8282	96
8283	18
8297	377
8291	472
8292	399
8290	715
8295	988
8296	115
8293	1103
8294	921
4705	23
4706	558
4707	6
4708	6
4709	752
4700	6
4701	6
4702	6
4703	6
4704	6
4716	11
4717	1206
4718	203
4719	623
4710	48
4711	6
4712	2194
4713	609
4714	40
4715	648
4728	82
4720	15
4721	17
4723	7
4725	202
4726	77
4740	8
3406	38
4738	8
4739	92
3405	6
3404	1227
3403	25
3402	801
3401	6
3400	6
4733	30
4735	1327
3409	122
3408	927
4736	8
4737	8
3407	6
4750	8
4751	36
3417	817
4749	9
3416	8
3412	3
3411	3
3410	121
4741	26
4742	27
4743	18
4744	24
4745	28
4746	109
4748	664
3418	8
4760	55
4761	19
4762	19
3427	8
3426	8
3425	8
3424	8
3423	8
3422	31
4752	4
4753	4
4754	4
4755	2
4756	286
4757	27
4759	3
3429	50
4771	29
4773	2
2111	29
2110	22
3441	14
3440	11
3439	1405
2108	53
3438	11
2106	425
3437	11
2105	30
3436	11
3435	460
2104	6
2103	9
3434	4
3433	462
2102	829
2101	133
4763	19
4764	836
4765	24
4766	19
4767	149
2109	624
4780	350
4781	770
4782	14
4783	57
3453	2322
3452	1499
2121	139
2120	1321
3451	496
3450	148
2119	285
2118	709
3449	1807
2117	1006
3448	12
3447	2182
2116	629
3446	194
2115	112
3445	235
2114	922
2113	26
3444	19
3443	1337
2112	36
4774	61
4776	204
4777	403
4778	179
4779	28
4790	2
4791	390
4792	958
4793	12
4794	2
4795	1243
3464	464
2133	673
3463	517
2132	14
3462	384
2131	14
3461	699
2130	47
3460	765
2129	568
3459	1829
2128	591
3458	903
2127	48
3457	900
2126	14
3456	2804
2125	27
3455	859
3454	1654
4785	2
4786	154
4787	2
4788	64
4789	3
2144	1160
3475	15
2143	2
3473	790
2142	17
3472	134
2141	9
3471	27
3470	143
2139	8
3469	200
2138	2
2137	272
3468	18
3467	6
2135	1767
3466	183
2134	837
3465	49
4796	441
4797	662
4798	519
4799	8
3486	256
2155	4
2153	25
3483	586
2152	7
2151	482
3482	161
3481	106
2150	2
3480	838
2149	3
3479	1152
2148	2
3478	250
2147	2
3477	313
2146	3
2145	2108
3497	9
2165	318
3496	74
3495	11
2164	2
2163	85
3494	8
3493	8
3492	21
2161	6
2160	954
3491	10
3490	12
2159	74
3489	675
2157	502
3488	97
2156	190
3487	5
2177	6
2176	129
2175	1
2174	1041
2173	7
2172	166
2171	108
2170	9
2169	166
2168	250
3499	11
3498	1431
2167	2
2180	2
2188	17
2187	2
2186	322
2185	12
2184	6
2182	128
2181	283
2179	2
2178	288
2191	2
2190	2
2199	3
2198	3
2197	18
2196	10
2195	108
2194	10
2193	566
2192	15
2189	3
7000	8
7002	17
7001	8
7004	8
7003	8
7006	8
7005	516
7011	71
7010	8
7013	8
7012	491
7015	8
7014	13
7017	8
7016	8
7008	8
7007	8
7009	8
7022	8
7021	745
7024	26
7023	80
7026	68
7025	8
7028	8
7027	8
7020	26
7019	22
7018	8
7035	26
7034	34
7037	19
7036	20
7038	28
7030	17
7029	21
7044	3
7043	40
7046	131
7045	151
7048	2
7047	996
7049	111
7040	227
7042	11
7041	1
7055	464
7054	554
7057	641
7056	209
7059	278
7051	2
7050	418
7053	123
7052	1160
7065	44
7060	60
7062	49
7061	25
7064	59
7063	593
7079	12
7071	15
7070	9
7073	351
7072	5
7074	186
7088	291
7087	13
7089	12
7080	366
7082	3
7084	8
7086	534
7085	8
4804	1
4805	3
4806	1
4807	1
4808	412
4809	42
4800	11
4801	10
4803	1
7099	110
7098	4
7090	108
7092	1437
7095	10
7094	441
7096	31
4815	132
4816	2
4817	2
4818	210
4819	1
4810	3
4811	778
4813	261
4814	551
4826	3
4827	750
4828	1890
4829	469
4820	534
4821	4
4822	119
4823	5
4824	1026
4825	11
4837	25
4838	23
3504	6
4839	15
3500	8
4830	1
4831	160
4832	56
4833	52
3509	10
3508	142
4834	15
4835	15
3506	397
4836	15
4850	28
3516	819
4848	15
4849	23
3515	11
3514	6
3513	28
3512	71
3511	6
3510	6
4840	39
4841	15
4842	20
4843	224
4844	23
3519	521
4845	15
4846	988
3518	58
4847	15
4860	25
4861	15
3530	17
4859	211
3527	376
3526	44
3525	100
3524	4
3523	160
3522	510
3521	231
3520	349
4851	29
4852	31
4853	51
4854	23
4855	32
4856	25
3529	673
4857	15
3528	162
4858	15
4870	12
4871	10
4872	10
2210	1071
3541	926
3540	17
3538	267
3537	1573
2206	245
2205	144
3536	32
3535	25
2204	1
2203	1
2202	162
3532	26
2200	13
3531	9
4862	36
4863	15
4864	24
4866	73
4867	10
2209	940
4868	10
3539	20
4869	10
4880	14
4881	36
4882	40
4883	37
3552	9
2221	6
3551	9
3550	9
3549	115
2218	1
3548	334
2217	60
3547	250
2215	104
2214	17
3545	12
3544	27
2213	7
3543	19
2212	7
2211	308
3542	50
4873	10
4874	29
4875	1237
4876	4
4879	381
2219	1
4891	71
4893	37
4894	349
2232	23
3563	9
2231	858
3562	1262
2230	308
3561	16
3560	128
2229	906
2228	2
2227	25
3558	3
2226	248
3557	843
2225	1224
3556	118
3555	255
2224	26
2223	296
3554	409
3553	55
2222	5
4884	375
4885	55
4886	4
4887	18
4889	7
2242	116
2241	477
2240	1629
3571	354
2239	2
3569	360
3568	1733
2237	2268
3567	349
2236	459
3566	6
2235	4
2234	160
3565	6
2233	246
3564	13
4896	11
4897	6
4898	38
4899	1306
2254	38
3585	5
2253	240
3584	4
2252	917
3583	19
2251	925
3582	4
3581	4
2250	7
3580	791
2249	188
3579	7
3578	5
2247	6
2246	371
3577	7
3576	243
2244	8
3596	2
2265	2
2264	884
3595	8
3594	6
3593	160
2262	1
2261	1
3591	100
2260	1
2259	3
2258	1103
3589	43
2257	1081
2256	1827
3587	773
3586	1513
2255	163
2276	1008
2274	222
2273	511
2272	288
2270	5
2269	10
2268	5
3599	2
3598	27
2267	5
3597	146
2266	2
2287	37
2286	53
2285	581
2283	16
2282	34
2281	201
2278	16
2277	239
2290	1210
2298	282
2297	1923
2296	11
2295	9
2294	302
2293	6
2292	2
2291	2
2289	654
2288	9
2299	553
100	5
101	56
102	19
103	386
104	137
105	108
106	55
107	8
108	15
109	1143
110	312
111	126
113	503
115	2
120	71
121	20
122	1443
124	1
125	169
126	141
127	972
128	461
129	9
7101	473
7100	76
7103	2
7104	78
130	235
132	345
133	13
134	3
135	158
136	538
137	1
138	294
139	122
7110	137
7112	2
7111	2
7114	2
7113	57
7116	420
7115	687
140	151
141	1
142	100
143	495
144	132
145	92
146	3
147	483
149	8
7107	2
7106	18
7109	6
7108	551
7121	48
7120	263
7123	3
7122	2
7125	21
7124	21
7127	23
7126	28
150	284
151	456
152	280
153	118
154	422
155	525
156	11
157	278
158	33
159	3
7118	5
7117	59
7119	463
7132	151
7131	519
7134	26
7133	22
7136	25
7135	21
7138	24
7137	21
160	3
161	149
162	6
163	156
7130	24
164	30
165	12
166	568
167	65
168	217
169	23
7129	60
7128	27
7143	408
7142	17
7145	5
7144	487
7146	80
7149	25
171	652
172	831
173	1524
174	1
175	101
7140	21
176	164
177	69
178	501
179	70
7139	31
7154	8
7153	63
7156	8
7155	8
7158	8
7157	8
7159	8
180	268
181	16
182	717
183	164
7150	60
185	32
7151	1
187	195
188	38
189	7
7165	8
7164	21
7167	3
7166	4
7168	541
190	9
191	64
192	240
193	133
7161	48
194	27
7160	8
195	7
196	7
7162	144
197	41
198	7
199	78
7176	21
7175	7
7178	5
7177	3
7179	7
7170	4
7172	8
7171	66
7174	3
7173	6
7187	10
7186	229
7189	20
7188	64
7181	24
7180	30
7183	64
7185	302
7184	13
4903	42
4904	41
4905	21
4906	41
4908	21
4909	24
4900	1
4901	7
7198	38
7197	6
7199	19
7192	10
7193	10
4914	41
4915	40
4916	21
4917	21
4918	21
4919	21
4910	27
4911	21
4912	41
4913	21
4925	25
4926	48
4927	14
4929	698
4920	21
4921	22
4922	41
4923	31
4924	99
4936	22
3604	12
3603	115
4937	94
3602	36
4938	564
3601	369
3600	91
3609	253
4931	6
4932	31
3607	914
4933	34
4934	176
3606	5
4935	16
3605	5
3615	1524
4947	48
3614	1714
4948	1188
3611	159
3610	22
4940	383
4942	108
4943	176
3619	5
4944	492
3618	5
3617	8
4945	3
4946	52
3616	166
4960	35
3625	14
3624	462
3623	15
3622	166
3621	3
3620	3
4950	2
4951	2
4952	18
4953	684
4954	107
3629	159
3628	1
4957	3
