4970	4113
3640	993
4971	1145
2306	2794
3638	993
4969	1145
3639	5170
2305	2
2304	1
2302	474
2301	474
2300	474
3630	6480
3631	11105
4962	9404
4963	3787
3632	993
4964	10233
3633	8174
3634	10609
4965	1197
3635	10362
4966	7042
2309	2002
4967	10908
3636	5057
2308	562
2307	9059
3637	2889
4980	9349
3650	10129
4981	9944
4982	7485
3651	1622
2320	1557
2317	1557
3649	993
2316	1639
2315	562
3	5180
2314	3094
2313	562
4	3320
2312	562
5	3025
6	10213
2311	562
2310	562
7	3928
3641	10853
8	8437
4972	1391
4973	3497
3642	10729
9	4730
3643	10904
4974	7322
4975	1174
3645	10194
4976	5895
3646	8883
4977	8211
3647	4561
2319	1720
4978	718
3648	3886
2318	1557
4979	718
3660	10183
4991	1139
3661	10021
4992	5421
4993	6549
3662	5386
1000	9594
2331	1436
2330	1441
2328	12438
2326	11062
2325	9254
2324	10103
2323	11200
2322	9855
2321	1640
3652	1622
4983	9273
3653	2007
3654	957
4985	658
3655	4290
4986	8687
3656	2891
4987	5339
4988	6500
3657	1825
3658	7978
4989	4167
3659	6794
2329	8381
3670	8510
3671	3850
3673	3663
2342	5685
1011	2643
2341	8883
1010	2187
2340	5796
1008	4639
2339	7572
2338	9353
1007	6495
1006	9218
2337	270
1005	3902
2336	270
1004	5069
2335	271
1003	7349
2334	270
2333	8345
1002	2203
2332	8288
1001	2203
4994	9120
3663	3083
3664	8927
4995	1796
4996	1797
3665	6723
3666	9845
3667	4535
4999	9569
3668	14
3669	1870
1009	7082
3680	9878
3681	8976
3682	8650
3683	4731
3684	1840
1022	8748
2353	668
2352	1887
1021	1281
1020	3681
2351	668
2350	8225
1019	16
1018	9053
2349	2234
2348	7804
1017	16
1016	16
2346	1038
2345	8072
1014	7109
1013	4223
2344	356
1012	8498
2343	1559
3674	1604
3675	1169
3676	1169
3677	2578
3678	6374
3679	1968
3690	1839
3691	10203
3692	5459
3693	1839
3694	1839
3695	1839
2364	10127
1033	2992
1032	9158
2363	1519
1031	9408
2362	6321
1030	3793
2361	89
2360	2883
1029	8298
2359	1615
1028	2256
1027	2779
1026	10744
2357	4294
2356	9932
1025	1281
1024	9403
2355	1014
2354	10248
1023	7040
3685	3237
3686	2501
3687	1839
3688	3982
3689	3743
2375	10121
1044	5459
1043	7273
2374	603
1042	7564
2373	2155
1041	8220
2372	2657
2371	10756
1040	116
2370	649
1039	5770
2369	10787
1038	4780
2368	7676
1037	9715
2367	3264
1035	9198
2366	7730
2365	8847
1034	9034
3696	1839
3697	1840
3698	1839
2386	8137
1055	11212
2385	8604
2384	10477
1053	7749
1052	1248
1051	8318
2382	2453
2381	11150
1050	8500
2380	1166
1049	9331
1048	2212
2379	8351
2378	3651
1047	1129
1046	4907
2376	8403
1045	1129
2397	9072
1066	1255
1065	3953
2396	550
1064	5523
2395	550
1063	7739
2394	550
1062	10058
2393	1322
1061	8579
2392	550
1060	3306
2391	550
2390	1355
1059	2076
1058	1650
2389	628
2388	628
2387	8203
1077	1769
1075	9384
1074	8562
1072	113
1071	112
1070	112
1068	1220
2399	1361
2398	12175
1067	1145
1080	7941
1088	472
1087	2201
1086	4187
1085	2193
1084	2188
1083	1643
1082	1955
1081	942
1079	1360
1078	2122
1090	1230
1099	4190
1098	11238
1097	10335
1096	296
1095	4181
1094	1112
1093	1112
1092	5367
1089	2781
200	979
201	4060
202	1522
203	8091
204	10647
205	3241
206	979
207	979
208	2428
209	3035
210	979
211	778
212	2153
213	1414
214	10144
215	8114
216	6736
217	123
218	448
219	4580
221	1404
222	7099
223	1917
224	5940
225	772
226	7304
227	7251
228	6493
7201	6972
7204	2132
7203	827
230	8179
231	6853
232	7589
233	772
234	772
235	1273
236	6477
237	7467
238	1580
239	772
7211	496
7210	497
7212	496
7215	1481
7214	8525
240	4109
241	2090
242	1968
243	7425
244	1881
245	1709
246	7055
247	1355
248	772
249	4699
7206	91
7205	91
7220	1321
7222	2923
7221	1321
7223	1054
7226	1614
7225	9066
250	4663
251	2908
252	5240
253	148
254	3532
255	8697
256	2638
257	4935
258	4246
259	9494
7217	509
7219	1466
7218	1466
7231	7939
7230	2264
7233	8386
7232	1225
7235	1225
7234	1225
7237	8903
7236	5872
260	3174
261	5994
263	5794
264	942
265	7230
266	2934
267	942
268	1524
269	5906
7228	5895
7227	3248
7229	2458
7241	3811
7243	3584
7246	3017
7245	668
270	5315
271	9445
273	2805
7240	556
274	5432
275	8334
276	1110
277	250
7239	4386
7238	8014
7253	2852
7252	1026
7255	91
7254	3207
7257	2737
280	9158
282	8060
283	482
284	1099
7251	1027
7250	3346
285	9649
286	4808
287	145
288	145
289	145
7266	2565
7265	986
7268	986
7267	986
7269	986
290	10863
291	7661
292	1771
293	1316
7260	1114
294	827
7262	5142
295	1823
296	2250
297	827
298	8996
299	9144
7277	9058
7276	1922
7279	9115
7278	1733
7271	3027
7270	2105
7273	622
7286	411
7285	411
7287	412
7289	5142
7280	9625
7282	637
7281	2846
7284	637
7283	411
7297	788
7296	767
7299	550
7298	2577
7291	2
7290	2636
7293	1945
7292	728
7295	8463
7294	6173
3704	685
3705	4810
3706	686
3707	685
3708	6
3709	4633
3700	1011
3701	133
3702	685
3703	686
3715	1239
3717	8656
3718	1294
3719	5915
3711	88
3712	88
3713	6061
3714	4498
3726	9030
3727	2453
3728	9554
3729	5935
3720	9521
3722	3199
3723	5507
3724	9956
3725	3667
3737	3327
2405	988
2404	988
2403	2025
2402	496
2401	96
2400	9057
3730	2453
3731	4419
2409	7043
3733	2453
3735	5378
2407	3668
2406	1746
3750	3145
3748	9907
2416	9416
2415	2773
3749	5799
2414	3257
2413	2266
2412	2811
2411	11296
2410	9987
3742	2514
3743	4974
3744	1279
3745	6345
3746	2827
2418	604
3747	4065
2417	2666
3760	1317
3761	2663
2427	5621
3759	1317
2426	7983
2425	3620
2424	54
2423	2616
2422	1234
2420	33
3751	6120
3752	9235
3753	2827
3754	6180
3755	10133
3757	1317
2429	1959
3758	1318
2428	510
3770	8352
3771	2105
3772	7665
2441	741
1110	296
2440	10158
2438	741
1107	296
1106	2388
2437	1468
1105	2402
2435	9298
1104	296
1103	9085
2434	1020
2433	9691
1102	4475
1101	296
1100	8960
3762	3597
3763	2458
3764	5532
3765	1815
3766	5098
3767	6997
1109	296
3769	9003
2439	741
1108	296
3780	1563
3781	885
3782	2839
3783	885
2452	6268
2451	1468
1120	390
2450	741
2449	741
2448	741
2447	742
2446	741
1115	52
1114	7510
2445	741
2444	5176
1113	4726
2443	741
1112	296
1111	10212
2442	741
3774	158
3775	3758
3776	7018
3777	3319
3779	1231
3791	315
3792	9714
3794	8424
1132	8813
2463	741
1131	6028
2462	2761
2461	741
1130	197
2460	741
1129	7492
1128	6657
2459	741
1127	9407
2458	3881
1126	1130
2457	741
2456	10269
1125	9420
1124	6642
2455	741
1123	7430
2454	741
2453	741
3784	885
3785	8234
3786	9274
3787	11467
3788	1760
2474	10910
1143	3816
2473	7964
1142	8524
1141	4050
2472	7885
1140	8520
2471	363
2470	9767
1139	739
1138	2222
2469	1476
1137	9952
2467	2186
1135	8290
2466	741
1134	2884
2465	741
1133	11735
2464	741
3795	14
3796	11115
3797	1891
3798	6902
3799	2890
2485	12580
1154	8651
2484	6149
1152	5896
1151	12911
2482	2572
1150	3593
2481	5213
2480	5226
2479	7531
1148	1556
1147	2265
2478	2296
1146	1192
2477	225
2476	5785
1145	1411
2475	8145
1144	6313
2496	912
1165	9323
1164	9946
2495	166
2494	166
2493	2691
2492	166
1161	148
1160	6071
2491	166
2490	9058
1159	9054
2489	516
1158	282
1157	9723
2488	7072
1156	7435
2487	1767
1155	282
1176	1014
1175	1014
1174	1014
1173	1014
1172	1014
1171	1014
1170	1142
1169	6410
2499	7447
1168	6131
1167	10842
2498	1328
1166	13969
2497	7437
1187	1138
1186	9943
1185	9976
1184	9294
1183	3121
1182	2514
1181	1014
1180	1014
1179	5019
1178	1014
1177	1014
1190	7462
1198	6314
1197	1475
1196	7341
1195	1985
1194	178
1193	9741
1192	3905
1191	9308
1189	307
1188	1263
1199	9085
300	2772
301	2304
302	4478
303	688
304	8125
305	2669
306	10956
307	778
308	9785
309	285
310	10810
311	11989
312	8812
313	9810
314	5113
315	8621
316	1652
317	9778
318	1073
319	10651
320	2097
321	7296
322	6617
323	392
324	6562
325	8561
326	2975
327	3036
328	4013
329	1314
7301	8517
7300	550
7302	1699
330	393
331	1771
332	9216
333	701
334	7847
335	7667
336	7212
337	190
338	5018
339	7834
7310	302
340	4123
341	6499
342	549
343	1121
344	597
345	3004
346	10200
347	2733
348	6588
7305	915
349	2360
7304	5033
7306	5177
7309	302
7321	1633
7320	97
7323	5496
350	9022
351	4725
352	1311
353	1699
355	348
356	7219
357	374
358	1915
359	1519
7316	1680
7315	3727
7318	893
7317	2647
7319	6413
10	6732
11	12970
7330	1110
12	6747
6001	8438
7332	1216
13	2337
14	8940
6000	8414
15	11959
6003	577
7333	453
16	5955
7336	1215
6005	577
17	3749
6004	9774
7335	3448
18	3229
19	6208
362	2466
363	5388
364	3924
365	1486
366	3255
367	1457
368	4838
369	230
7327	2161
7326	758
7329	1378
20	10137
21	6186
7341	8437
6010	4456
22	593
23	6846
24	11381
7343	3867
25	6103
7342	808
6014	499
7345	808
26	4937
27	8623
6013	1303
7344	1314
28	8793
6016	3081
7347	1238
29	9989
6015	1303
370	5945
371	9940
372	8050
373	4349
374	310
375	129
376	6574
377	4006
378	3963
379	4817
6007	2701
6006	10276
7337	1215
6009	6466
30	7555
31	2040
32	4534
6021	6064
33	7133
7352	4368
7351	8846
6020	5410
34	5007
6023	7680
35	9223
7354	2406
36	11314
6022	513
7353	1238
37	6150
6024	6170
38	6010
7355	1238
6027	4163
39	5934
6026	1907
7357	2577
381	480
382	415
383	8175
7350	4043
384	414
386	1961
387	3131
388	2226
389	2196
6018	499
7349	1238
6017	1457
7348	1391
6019	499
40	1789
41	3172
42	8277
43	1421
44	8017
6032	9758
7363	562
7362	6996
6031	1952
45	1872
46	6121
6034	1054
7365	2247
47	10113
6033	1054
6036	1054
48	3850
49	6521
6035	1054
6038	3245
6037	1054
390	2759
391	5535
392	1552
393	109
6030	1054
394	3700
395	7955
7360	553
396	4206
397	197
398	2624
399	1576
6029	8514
6028	1431
7359	2988
50	6114
51	3855
52	243
53	8064
54	6540
6043	9353
55	7390
7374	786
7373	8693
56	10353
6042	1071
6045	3980
7376	2160
57	3238
6044	9175
58	7190
7378	9033
59	8633
6047	6235
6046	2515
7377	786
6049	3154
7379	2857
6048	2236
6041	4428
7372	1157
7371	570
6039	373
60	5647
61	5890
62	2819
63	1137
64	7036
65	1306
66	8116
6054	3768
6053	2236
67	3084
68	11471
7387	2989
6056	72
7386	8605
6055	2387
7389	7452
6058	72
6057	73
6059	4691
7381	8971
6050	2236
7380	1367
7383	2118
6052	2236
6051	2236
7382	1256
71	9819
72	11837
73	2167
74	7143
75	7262
76	704
77	3943
6064	2145
78	3379
79	5846
6067	2715
7397	5244
6066	2715
6069	3737
6068	6346
7390	5111
7392	1288
6061	1733
7391	8515
6060	1733
7394	1688
6063	1733
7393	5596
6062	1926
80	6926
81	2515
82	88
83	3070
84	293
85	293
86	10412
87	10974
88	293
6075	4924
89	8154
6078	4884
6077	105
6079	57
6070	3453
6072	6046
6071	3310
6074	1048
6073	1048
90	8975
91	554
92	400
93	4435
94	7528
95	7829
96	883
98	2621
99	7696
6089	2
6088	634
6081	1950
6080	3666
6083	5024
6082	5593
3803	9897
3804	8985
3805	682
3806	9731
3807	9632
3808	5098
3809	6962
3800	9485
3801	798
3802	3291
6098	9214
6097	9724
6090	1
6092	1848
6091	1848
6094	8817
6093	3254
6096	4772
3814	6265
3815	4720
3816	7059
3817	418
3819	3956
3810	96
3811	5517
3812	10492
3813	10354
3825	3089
3827	1639
3829	442
3821	1191
3822	5007
3823	1940
3824	933
2504	10838
3836	1011
2503	1101
3837	1011
2502	8008
3839	3595
2501	8169
2500	395
3830	10106
2509	5134
2508	10190
3832	1282
2507	9819
3833	1616
2506	10293
3834	1011
3835	9514
2505	1009
3847	9499
2515	859
2514	860
3848	204
3849	7703
2513	859
2512	859
2511	8842
2510	10340
3840	901
3841	901
3842	8960
3843	10385
2519	1014
2518	2880
3844	574
2517	10024
3845	3814
2516	10889
3858	868
2526	1014
2524	3668
2523	2219
2522	1014
2521	1015
2520	1014
3850	5578
3851	5509
3854	10446
3855	3576
2529	1014
3856	7354
2528	1014
2527	2562
3870	633
3871	9366
2540	1014
3869	3351
2537	1014
1206	777
2536	1014
1205	777
2535	11614
1204	8583
1203	7511
2534	1014
1202	7642
1201	9560
1200	10338
2531	2587
2530	1014
3862	1742
3863	3152
3864	868
3865	1503
1209	777
3867	6412
1208	777
1207	6874
2538	1014
3880	5296
3881	2932
3882	691
1220	5256
2551	2560
2550	9409
2548	4667
2547	10214
1216	777
2546	7388
1215	9123
2545	4009
1214	1381
2544	9742
1213	777
2543	1328
1212	3765
2542	10746
1211	11155
1210	10872
2541	7542
3872	5925
3873	9511
3875	4348
3876	2720
3877	5546
3878	1528
1219	117
2549	9468
1218	6425
3890	1629
3891	875
3892	10068
3893	7099
2562	2520
1231	1047
1230	9164
2561	1234
2560	10846
2559	9341
1228	6071
2558	1727
1227	1047
2557	7920
1226	1047
2556	1043
1225	1047
2555	2992
1224	1047
1223	1047
1222	8347
2552	6312
1221	7964
3883	619
3885	8803
3886	555
3887	8984
3888	5451
3889	984
1229	1047
1242	4335
2573	226
1241	9015
2572	1580
1240	4358
2571	6276
2570	8521
1239	9505
2569	3961
1238	1047
2568	3817
1237	1826
1236	9527
2567	4618
2566	8515
1235	4000
2565	15221
1234	8922
2564	8657
1233	5337
1232	2746
2563	1159
3894	267
3895	475
3896	475
3897	11120
3898	9208
1253	9138
2584	561
2583	2365
1252	960
2582	561
1250	8898
2581	561
2580	8136
1248	8909
2579	9362
1247	10458
2578	4121
2577	738
1246	2287
2576	11950
1245	3289
2575	7588
1244	1371
1243	8809
2574	2192
2595	10272
1264	492
2594	10541
2593	10400
1262	635
2592	9563
1261	8797
1260	6419
2591	5248
1259	9053
2589	7744
1258	1108
1257	1108
2587	9463
1256	1108
2586	1059
1255	1108
2585	10727
1254	1108
1275	153
1274	153
1273	153
1272	153
1271	419
1270	2862
1269	449
2599	9125
1268	449
1267	10269
2598	3303
2597	9207
1266	5118
2596	5511
1286	10083
1285	9827
1284	9119
1282	7142
1281	3439
1280	2159
1279	9738
1278	6597
1277	5561
1276	153
1297	12018
1296	7860
1295	442
1294	442
1293	5759
1292	2529
1291	9712
1290	4279
1287	2188
1299	1381
1298	1042
400	2745
401	197
402	5297
403	9514
404	2213
405	7473
406	8711
407	11000
408	197
409	307
410	1787
411	197
412	6355
413	197
414	749
415	8450
416	408
417	10226
418	157
419	332
421	2270
422	4169
423	2407
424	2035
425	10083
426	2907
427	5616
428	3402
429	6201
7400	8990
7402	2699
7401	1465
430	661
431	6047
432	10457
433	3445
434	1888
435	4757
436	259
437	259
438	499
439	8017
7413	1037
440	5430
441	499
443	772
444	925
445	2102
446	772
447	8082
448	772
7404	858
449	4131
7403	858
7405	3819
7407	1779
7409	3959
7420	489
7422	7957
7421	3180
7424	3186
7423	3015
450	772
451	772
453	219
454	1372
455	975
456	2582
457	13558
458	1106
7415	3934
7414	9292
7417	983
7416	674
7419	489
7418	1256
7431	1582
7430	1582
7434	2554
460	884
461	897
462	889
463	827
465	10120
467	5568
468	73
469	4836
7426	1934
7425	3654
7428	2499
7427	1582
7429	1582
7440	2984
7442	8042
6111	5354
6110	3736
7441	694
7444	1890
6113	1263
7443	8530
6112	1263
7446	348
6114	1872
7445	348
472	50
473	106
476	72
477	4061
479	3042
6106	5293
6105	5669
7436	4771
6108	1274
7439	1961
6107	3651
6109	4458
7451	573
6120	792
7450	8316
7453	573
7452	2956
6121	2039
6124	9330
7455	1082
6123	9664
7454	573
6126	3290
7457	573
7456	573
480	72
481	72
486	30
488	5662
489	395
7448	348
6116	1454
7447	348
6119	2792
7449	6071
6118	1280
7462	573
6130	4859
7461	573
6133	1437
6132	852
6135	571
6134	3323
7468	669
490	106
492	827
493	1170
494	969
495	3402
497	780
498	832
499	3866
6128	958
7459	573
6127	1301
7458	573
6129	374
7473	669
6142	432
7472	325
6141	432
6144	432
7474	670
6143	432
6146	4084
7477	669
7476	740
6145	432
6148	8462
7478	9595
6147	432
7471	4010
7470	669
6139	348
7469	669
6153	544
7484	1644
6152	544
7483	620
6155	1321
7486	463
7485	463
6157	2943
6156	9748
7487	463
6158	1321
7480	647
6151	9660
7482	620
6150	706
7481	647
6149	4165
6164	6284
7497	7687
6166	8404
6165	992
6168	560
7498	3144
6169	2137
6160	3635
7491	5386
7490	4372
6162	4692
7493	6321
6161	7014
7492	1776
6175	1481
6174	8772
6177	2169
6176	1866
6179	3808
6178	2226
6170	8889
6186	2226
6185	2226
6188	2226
6187	2226
6180	3380
6182	3308
6181	2226
6184	2903
6183	2226
3902	7248
3903	9726
3904	695
3905	1115
3906	695
3907	695
3908	2264
3909	889
3900	1807
3901	744
6197	2488
6196	3229
6199	2226
6198	8243
6191	2226
6190	3282
6193	2226
6192	2442
3914	5297
3916	8213
3917	6881
3918	3027
3919	8445
3910	10392
3911	6411
3912	7227
3924	2297
3925	4568
3926	9656
3927	958
3928	3094
3929	1982
3920	4990
3921	5134
3922	8323
3923	1026
3935	528
2603	293
3936	528
3937	9243
3939	5414
2609	4257
3930	4281
2608	4274
2607	6087
3931	958
3932	2139
2606	2153
2605	10140
3933	5889
2604	8068
3946	9155
2614	2561
3947	1941
2613	7552
2612	9911
3948	7130
3949	6303
2611	5068
2610	2153
2619	10737
3941	83
2618	9008
3942	4432
3943	989
2617	9551
3944	989
2616	2153
3945	1163
2615	2200
3957	678
2625	11594
3958	10220
2624	2153
2623	10419
3959	2684
2621	3286
2620	9640
3952	1245
2629	6228
3953	1245
2628	1086
3954	1517
3955	1797
2627	1411
3956	10361
2626	3992
3970	9536
1305	11653
3968	678
2636	704
3969	9986
2635	704
1304	421
2634	704
1303	421
2633	704
1302	421
1301	1353
2632	1242
2631	1242
1300	837
2630	1775
3960	6908
3961	6020
3962	9675
3963	981
3964	981
1309	453
3965	9312
2639	704
1308	1361
1307	9906
2638	5298
3966	508
3967	9275
1306	4989
2637	704
3980	5726
3981	1958
2650	7013
3979	2603
2647	8262
1316	3638
2646	10145
1315	9182
2645	4319
1314	318
1313	453
2644	67
2643	9427
1312	453
2642	705
1311	507
1310	9752
2641	704
2640	704
3971	6887
3973	8180
3974	2932
3976	11376
1319	10946
3977	5407
1318	959
2649	169
3978	1584
1317	317
2648	534
3990	1958
3991	5516
3992	4765
1330	7427
2661	514
2660	11459
2658	11361
1327	827
2657	10703
1326	5662
1325	827
2656	215
2655	10351
1324	654
2654	11226
1323	5945
2653	11398
1322	9167
1321	6981
2652	7974
2651	12013
1320	3382
3982	7429
3983	2918
3984	3347
3985	7190
3986	1958
3987	1958
1329	2160
3989	2729
2659	3974
1328	1177
2672	5557
1341	1391
2671	266
1340	1665
2670	6236
2669	8796
1338	1129
1337	800
2668	474
2667	10699
1336	4351
1335	8431
2665	8934
1334	800
1333	1128
2664	514
1332	880
2663	668
2662	9189
1331	3032
3995	7214
3997	1041
3998	1391
3999	4418
1339	3158
1352	10495
2683	4757
1351	728
2682	645
1350	8046
2680	3347
1349	1129
2679	1469
2678	735
2677	8201
1346	1926
2676	4337
1345	800
2675	769
1344	826
2674	10305
1343	3046
1342	4008
2673	266
2694	6775
2693	11424
1362	2188
2692	5424
1361	728
2691	8919
1360	9928
2690	5683
1359	2898
2689	9944
1358	7285
2688	13025
1357	10734
2687	9267
1356	5061
2686	11001
1355	2487
2685	9216
1354	3739
1353	9660
2684	645
1374	12966
1373	2553
1372	5614
1370	870
1369	870
2699	8517
1368	8024
1367	8509
2698	4915
2697	10249
1366	615
2696	10477
1365	4120
2695	4183
1385	10722
1384	9622
1383	1681
1382	7602
1381	7995
1380	7473
1379	292
1378	9467
1377	8428
1376	292
1375	7726
1396	7874
1395	9838
1394	8173
1393	9114
1392	741
1391	321
1390	8713
1389	6952
1388	849
1387	203
1386	5697
1399	218
1398	218
1397	218
501	3096
502	2032
504	187
506	8067
507	329
509	110
511	1783
513	876
514	5187
515	2488
516	36
517	1540
519	55
520	55
521	4450
522	55
523	55
524	2000
525	5409
527	136
528	136
529	136
7501	434
530	1824
531	136
532	2337
534	3039
536	2473
538	2674
539	1509
7510	8842
7512	7493
7511	3953
540	297
541	645
542	3362
543	447
544	1145
545	8888
546	10247
7503	434
547	447
7502	1424
548	447
549	8190
7505	721
7506	883
7509	563
7508	2099
7520	2743
7523	2617
7522	2617
550	448
551	447
552	1433
553	7572
554	3292
555	967
556	8982
557	232
7514	822
558	232
559	8131
7513	314
7515	314
7518	3631
7517	7010
6201	3229
6200	4192
7531	524
6203	2226
7534	866
6202	3642
7533	2075
560	6592
561	1579
562	498
563	498
564	5485
565	1537
566	4400
567	4664
568	136
7525	2617
569	136
7524	2617
7527	327
7529	7966
7528	327
7540	640
6212	1139
7545	1169
6214	691
7544	8684
6213	1502
570	1279
571	136
572	4160
573	136
574	1150
575	7049
576	272
577	272
578	272
579	9227
6205	2226
7536	640
6204	6999
7535	640
6207	4129
7538	640
6206	2226
7537	640
6208	3102
7550	1169
6221	9062
6220	4686
6223	4102
7554	1906
7553	10377
6222	940
6225	3414
6224	940
580	5886
581	2098
582	6909
583	7779
584	4657
585	2488
586	4890
587	8346
588	3828
589	5479
6216	2628
7546	1632
6215	690
6218	9312
7549	2216
6217	6034
6219	844
7561	8391
6230	972
6232	1843
7563	321
7565	1852
7564	6938
7567	6332
6236	402
6235	5059
590	6026
591	379
592	4170
593	229
594	229
595	847
596	229
597	1214
598	390
599	390
6227	9350
6226	6747
7557	3508
6229	9869
6228	789
6241	8946
7572	529
6240	720
7571	529
6243	8851
7574	7061
6242	3146
6245	6128
7576	1281
6244	569
7578	5556
6247	1022
6246	9142
7577	1281
7570	877
7569	5590
6239	1973
7583	2128
6252	722
6251	8909
6254	326
7585	653
6253	326
7587	9480
6255	7962
7586	2976
7588	7010
6257	3046
7581	1281
7580	6604
6248	4414
7579	3251
6263	1751
7594	1545
6262	9161
7593	6834
6265	553
6264	553
7595	709
7598	4098
7597	3095
6269	5875
7599	709
7590	1682
6261	6517
6274	3509
6273	1011
6276	1011
6275	1011
6278	3941
6279	1084
6270	9325
6272	9923
6271	3633
6287	1084
6286	3265
6288	1084
6281	879
6280	7388
6282	879
6296	8750
6295	5698
6298	2903
6297	445
6299	10363
6292	445
6291	445
6294	445
6293	445
2702	9265
2701	6038
2700	10724
2709	439
2708	9491
2707	10514
2706	6903
2705	615
2704	7873
2703	8331
2713	10779
2711	6466
2719	6309
2718	711
2717	711
2716	711
2715	1302
2724	8631
2723	657
2722	657
2721	8625
2720	6547
2729	870
2728	1509
2727	10331
2725	657
1404	111
1403	8873
2734	870
1402	6644
2733	3021
1401	1703
2731	870
1400	1757
2730	3522
1409	111
2739	3143
1408	111
1407	8253
2738	4055
2737	6970
1406	394
2736	6943
1405	111
2746	10220
2744	6917
1413	8511
1412	5998
1411	8194
2741	162
1410	111
2740	6257
1419	9529
1418	7343
2749	525
2748	525
2747	10332
1416	9903
2760	9793
2757	2801
1426	346
1425	7049
1424	7673
2755	560
2754	9651
1423	2694
2753	785
1422	274
2752	5801
1421	550
1420	7657
2751	4624
1429	1852
1428	10700
2759	713
1427	1091
2758	1411
1440	1041
2771	180
2770	7751
2768	8940
1437	9118
1436	292
2767	591
1435	5227
2766	591
2765	9344
1434	322
2764	8621
1433	1469
2763	9640
1432	3115
2762	3180
1431	346
1430	1091
2761	713
1439	6717
2769	180
1438	162
2782	876
1451	1731
2781	5873
1450	1555
2780	3201
1448	1555
2779	131
2778	6456
1447	1987
2777	8685
1446	5462
2776	319
1445	144
2775	10837
1444	6941
2774	10739
1443	1873
1442	6862
2773	586
1441	7713
2772	586
1449	1555
1462	8240
2793	4496
2792	5702
1461	431
2791	6274
1460	431
2790	11456
1459	431
2789	2687
1458	431
1457	3524
2788	1671
2787	9704
1456	431
2786	703
1455	431
2785	9969
1454	431
1453	9964
2784	876
1452	1026
2783	876
1473	10658
1472	3250
1471	10060
1470	10539
1469	3850
2799	8731
1468	8387
1467	3755
2798	1157
1466	6874
2797	5622
1465	6861
2796	4507
1464	8213
2794	9665
1463	7883
1484	8301
1483	6383
1482	9478
1481	373
1480	5777
1478	4678
1476	7924
1474	1556
1495	4407
1494	1429
1493	8303
1492	10870
1490	7777
1489	9035
1488	2453
1487	9953
1486	5395
1485	6314
1499	3174
1498	8751
1497	9180
1496	11415
600	11372
601	3973
602	116
604	4025
605	608
606	2561
607	4274
608	10146
609	5342
610	142
611	5095
612	130
613	4894
614	2327
615	4174
616	3120
617	4199
618	3901
619	2837
620	1905
621	95
622	4672
624	4371
625	3199
626	7516
627	4835
628	4385
7600	709
631	4763
632	498
633	10252
634	10470
635	8332
636	6847
637	9564
638	498
639	4448
7611	403
7610	403
7609	1373
640	2014
641	901
642	570
643	9290
644	8628
645	5653
646	5311
7602	220
647	7886
7601	1664
648	648
7604	3708
649	5566
7605	5564
7608	1408
7620	10435
650	8895
651	336
652	519
653	477
654	242
655	242
656	5924
657	3595
7613	403
658	5793
659	8879
7615	1210
7614	5630
7617	1210
7616	1210
7619	1210
7618	8275
7630	1207
6302	7425
7632	10595
6301	164
661	1107
662	1107
663	10681
664	7427
665	8770
666	802
667	8686
7624	8790
668	5821
7623	1120
669	68
7626	825
7625	2406
7629	1207
6311	5905
7642	3083
6313	1646
7644	373
6312	1650
670	3504
672	313
673	7628
674	5649
675	5617
676	221
677	5926
678	156
6304	710
679	2317
7634	6655
6306	9569
7637	450
6305	10379
7636	263
7639	319
6307	2771
7638	319
6320	8268
7651	8689
7650	823
7653	3423
6321	3086
7652	4871
6324	3720
6323	8731
681	5655
682	5064
683	98
684	4912
686	8558
687	4789
688	2234
689	7671
7646	8173
6315	1256
6314	2850
7645	373
6317	2474
7648	4413
7647	6580
6316	5186
6319	1418
7649	9273
7660	556
7662	9018
6331	1236
6330	9727
5000	989
7661	1932
5001	989
6333	769
7664	1315
5002	11027
6332	460
7663	1315
7666	7109
5003	1783
6334	8754
7665	2166
690	4055
691	7420
692	2448
693	49
694	3820
695	10189
696	7322
697	10232
698	4381
699	3248
6326	1785
6325	3214
6328	8862
7659	1799
6327	10590
7658	6159
6340	4139
7670	301
7673	6618
5010	4301
5011	4769
7672	529
5012	9102
7675	6174
6344	3918
5013	3638
6346	6529
7677	3849
5015	3362
7676	1469
6337	9737
7668	6141
5005	974
5006	6854
6339	1128
5008	6449
7669	3559
5009	5054
7682	5170
6351	792
5020	10919
6350	1251
7684	495
5022	11378
7683	8291
6355	1958
7686	496
5024	2853
7685	3099
7688	3157
5026	9562
6356	2580
7687	1422
5016	3661
7679	4990
6348	1251
6347	9365
5017	5158
7678	1172
5018	1392
6349	1251
5019	1870
5031	699
5032	1967
7695	7785
5033	6286
7694	7999
6366	534
7697	3298
7696	833
5035	702
5036	2317
7699	9545
5037	9808
6367	1185
7698	692
6360	7229
7691	5180
7690	1085
6359	8443
5028	9878
5029	6132
5043	5187
6375	753
5044	5560
6374	753
5045	6584
6377	3729
5046	2448
6376	5184
5047	1580
6379	509
5048	4177
6378	810
6371	792
5040	2263
5038	1853
5039	2855
5052	749
5053	6714
6383	1878
5054	1028
5055	9746
6388	9232
6387	569
5057	370
5058	8619
5059	4456
6389	751
6380	1262
5050	4093
5051	3096
6381	1172
5063	1622
6395	393
5064	6005
6394	3734
6397	393
5065	94
6396	393
6399	393
5067	1158
5068	4160
6398	4355
5069	3710
6391	393
5060	2638
5061	9256
6393	393
5062	1622
6392	393
5075	5908
5077	647
5078	1400
5079	11844
5070	1967
5071	1162
5072	9325
5073	9550
5085	2034
5086	720
5087	720
5088	720
5089	4193
5080	1305
5081	3486
5083	9062
5084	493
2801	7866
2809	9215
2808	2720
2807	4595
2805	9224
2804	4533
2803	536
2802	5470
5096	8381
5097	901
5098	1714
5099	5871
5090	1965
5091	720
5092	9718
5093	506
5095	1640
2811	9942
2819	9882
2818	6430
2817	135
2815	9255
2814	9158
2813	491
2823	233
2822	10339
2821	5058
2828	9380
2827	956
2826	956
2825	7932
2824	233
2834	9471
1503	753
2833	5497
1502	916
2832	7102
1501	8465
2831	10148
1500	8682
2830	9696
1509	2337
2839	2539
2838	9050
1507	6935
1506	8942
1505	2137
2835	427
1504	3541
1514	9605
2845	2085
2844	6772
1513	6293
2843	6159
1512	186
2842	9806
1511	463
1510	5480
2841	2109
2840	5137
1519	498
1518	6359
2849	649
1517	394
2848	649
1516	394
2847	649
1515	394
2846	649
1525	7776
2856	9387
1524	7548
2855	5460
1523	220
1522	10073
2853	649
1521	10049
2852	1830
2851	10220
1520	7468
2850	649
1529	1381
2859	11041
1528	175
2858	2346
1527	548
1526	1913
2857	912
2870	979
2867	2923
1536	994
2866	2781
1535	1135
1534	8689
2865	1262
1533	6665
2864	979
1532	5095
2863	1703
1531	7169
2862	1461
1530	5656
2861	980
2860	3274
1539	1628
1538	10053
2869	979
1537	9905
2868	979
1550	8930
2881	370
2880	8738
1547	9196
2877	9572
1546	174
2876	644
1545	174
2875	3707
1543	174
1542	11251
2872	8458
1541	174
2871	12412
1540	174
1549	14413
1548	9096
2879	371
1561	382
2892	741
1560	932
2891	741
2890	741
2889	5862
1558	159
1557	5325
2888	741
1556	7854
2887	741
1555	9349
2886	1941
2885	3471
1554	3661
1553	5704
2884	370
2883	6864
1552	8833
2882	370
1551	521
1559	159
1572	189
1571	9908
1570	1427
1569	7020
1568	153
2899	1087
2898	2466
1566	9570
1565	8554
2896	741
1564	8449
2895	742
1563	6956
2894	741
2893	741
1583	9857
1582	3875
1581	1235
1580	8445
1579	368
1578	368
1576	85
1575	796
1574	796
1573	8611
1594	8846
1593	8174
1592	9185
1591	382
1590	382
1589	3369
1588	393
1587	7342
1585	10582
1584	286
1599	1043
1597	7824
1596	9359
1595	5839
700	6121
701	3989
703	111
704	9503
705	6513
706	9215
707	9404
708	7356
709	111
710	9536
711	111
712	4334
713	1821
714	4604
715	6107
716	243
717	5767
718	243
719	7089
720	243
721	243
722	11790
723	6194
724	1617
725	5828
726	489
727	8070
728	2211
729	370
730	8052
731	370
732	1002
733	8006
734	370
735	370
736	1024
737	12278
738	2888
739	7942
7708	835
741	8817
742	9608
743	5286
744	5695
7701	6849
745	265
746	6456
7703	2037
748	6139
749	9823
7705	414
7704	414
7707	8697
7706	622
7721	218
7720	169
7719	1913
750	5991
751	339
752	339
753	339
754	1243
755	339
756	7502
758	902
759	8548
7716	1417
7715	1003
7717	1417
7730	3596
7732	41
6400	8825
760	6178
761	9235
762	11853
763	10280
764	9291
765	10021
766	14154
767	1727
768	2536
769	10178
7724	514
7727	5013
7726	8865
7729	45
7728	631
7741	1041
6410	786
7740	3192
7743	3988
6412	786
6411	786
7742	559
770	1846
771	6956
772	1910
773	404
774	404
775	1611
776	404
778	7798
7734	3264
779	4576
7733	6111
7736	578
7735	1020
6407	8412
7738	2316
7737	427
6406	824
6409	7471
6408	676
7750	660
6421	6502
7752	663
7751	433
7754	494
6423	406
6422	9001
7753	663
780	1668
781	4322
782	2599
783	1556
784	11123
785	1556
786	1695
787	5690
788	9669
789	11906
6414	9807
7745	589
7744	5729
6413	786
7747	3135
6416	1657
6415	1611
6417	9128
6430	509
7761	413
7760	413
5100	10084
7763	8473
6432	9009
6431	509
7762	413
5102	8071
7765	988
5103	9581
791	8748
792	402
793	3898
794	6814
795	8447
796	1895
797	2909
798	7395
799	159
7756	663
6424	8023
7755	3924
6427	4357
7758	413
7757	8511
6426	46
6429	682
6428	2278
7759	1700
7770	595
6441	9206
7772	3037
5110	7949
6440	3017
7771	2474
5111	4416
6443	8398
7774	4738
6442	8919
5112	1544
7773	280
6445	3416
7775	4350
6444	1088
5114	1233
5104	2119
6436	1273
7767	1087
6435	5438
7766	2416
5105	788
5106	9887
7769	2830
6437	9535
7768	2224
5109	1544
6439	640
6450	710
7781	1186
7780	1357
5120	3777
6452	975
7783	1186
5121	8883
6451	710
7782	1186
5122	743
6454	710
5123	10553
6453	710
5124	743
6456	1728
5125	6815
6455	710
5115	5472
6447	7348
7778	7752
5116	1848
6446	1088
7777	280
5117	2317
5118	4929
6448	1088
7779	1320
5119	5336
6461	6019
7792	1862
5130	9790
6460	6081
7791	7336
5132	9072
6462	6581
5133	3326
7796	505
7795	8937
6464	5931
6467	4094
5135	1098
5136	1662
6466	286
7797	349
7790	2623
6458	9426
5126	1569
7789	487
7788	8397
5127	743
6457	974
5128	743
5129	743
6459	1080
5140	8879
6472	6178
5141	5883
6471	1532
5142	2115
6474	7407
5143	3680
5144	9510
6475	3244
5145	2354
5146	3894
6478	2113
6477	2113
6470	118
6469	849
7799	6089
6468	286
5138	608
5139	3799
5151	2990
6483	5019
5152	1970
5153	2345
6485	728
6484	3385
5154	895
5155	9127
6487	2557
6486	6414
6489	1161
6488	5264
5158	491
6481	9155
5150	5716
6480	668
5148	9256
6479	4935
5162	9124
6494	8521
6493	728
5163	491
6496	9786
5164	1210
6495	735
6498	9100
5166	8403
6497	454
5167	491
6490	1126
5160	3437
6492	2324
6491	5916
5161	491
5159	491
5173	8623
5174	4559
5175	7334
5176	10189
5177	8274
5178	10061
5179	11101
5171	6761
5172	6758
5184	7737
5185	8729
5186	2013
5187	5633
5188	10797
5189	11428
2909	10321
5180	6853
5181	6820
5182	9034
5183	1728
2900	10592
2908	4925
2907	4875
2906	4478
2905	2499
2904	7688
2903	4911
2902	8605
2901	3059
5195	1945
5196	6866
5197	1807
5198	4539
5199	9241
5190	7738
5191	4340
5192	1729
5193	4816
5194	3431
2910	1428
2919	2153
2918	9145
2917	8060
2916	884
2914	7074
2913	6034
2912	9693
2922	8909
2921	546
2929	644
2928	6624
2926	7890
2925	9157
2924	942
2923	10086
2933	2474
1602	542
2932	10323
1601	2722
1600	6567
2931	659
2930	644
1609	875
1608	12027
2939	4071
2938	1717
1607	1227
1606	2127
2936	3123
1605	1522
2935	6609
1604	7570
1603	8933
1613	8366
2944	237
1612	8852
1611	585
2941	4914
1610	6378
2940	10707
1619	7494
1618	6796
2949	1089
2948	5693
1617	257
2947	5385
1616	268
1615	8471
2946	8224
1614	9269
2945	237
2955	9366
1623	8314
2954	590
1622	10336
2953	5465
1621	10310
2952	590
2951	9539
1620	1469
2950	4636
1629	6196
1628	8540
2958	10854
1627	521
1626	1454
2957	861
2956	1233
1625	1085
2966	8738
1635	56
2965	571
1634	56
2964	8005
1633	10903
2963	9438
1632	2542
1631	2433
2962	643
1630	2127
2961	643
2960	643
1639	7672
1638	8022
2969	3473
2968	10111
1637	9224
2967	10853
1636	3865
2980	1447
1646	9446
2977	8703
2976	3646
1645	1127
1644	9269
2975	1085
2974	8122
1643	648
2973	9857
1642	648
2972	11730
1641	7805
2971	2207
2970	2207
1649	6639
1648	9654
2979	7663
1647	6448
2978	3369
2991	7998
1660	995
2990	2415
2988	8560
1657	5009
2987	4052
1656	320
2986	2524
1655	320
1654	7623
2985	1946
1653	9153
2983	4898
1652	6266
2982	585
1651	200
2981	10325
1650	549
1659	995
2989	6450
1658	8685
1671	304
1670	5991
2999	9609
1668	1782
1667	8079
2998	2457
1666	857
2996	7930
1665	856
2995	3652
1664	3144
2994	3074
1663	439
1662	6948
2993	8318
1661	10482
2992	333
1669	6478
1682	324
1681	1191
1680	10219
1679	9851
1678	7320
1677	1225
1676	1002
1675	1678
1674	5305
1672	7196
1693	2760
1692	6205
1691	8340
1690	810
1689	6042
1688	10271
1687	5910
1686	537
1685	446
1684	4139
1683	596
1699	1170
1698	1170
1697	9972
1696	2737
1695	1170
1694	1170
800	299
801	1484
802	5529
803	6875
804	2012
805	9976
806	4570
807	112
808	2079
810	8484
811	785
812	1958
813	11584
814	669
815	501
816	6934
817	8154
818	361
819	191
820	7296
821	192
822	6631
823	5082
824	1145
825	11452
826	10666
827	7954
829	5993
830	2287
831	2712
832	1722
835	190
836	8333
837	5872
838	7285
839	5035
7808	5120
7809	10139
840	9336
841	7875
842	7478
843	499
844	8600
7800	342
845	284
7802	342
7801	342
847	284
7804	342
848	1894
7803	8437
849	5826
7806	1296
7805	342
7819	6605
7818	4246
850	2768
851	974
852	8409
853	7260
854	9753
855	920
7810	8356
856	10629
857	9218
7813	8910
7812	1976
859	8867
7815	1390
7814	459
7831	1510
6500	2836
7830	1444
7829	1906
860	1843
861	8241
862	664
863	6385
864	5731
865	9190
866	5526
7822	575
7821	575
867	180
868	5584
869	3042
7826	22
7828	22
7827	22
7840	644
6511	5083
7842	2682
6510	6504
7841	794
870	5154
6509	637
871	9010
872	6793
873	7956
874	127
875	5036
876	306
7833	8747
6502	3687
877	907
6501	8202
878	7582
7832	1443
879	10158
7835	8380
6504	2810
6503	8769
7834	1443
7837	2512
6506	637
6505	9286
7836	1443
7839	9355
6508	637
6507	637
7851	931
6520	1429
7850	932
6522	4573
7853	633
7852	931
6521	815
880	175
881	6183
882	5218
883	1824
885	5819
886	2382
887	8523
6513	622
7844	2354
888	190
7843	2705
889	190
6515	622
6514	622
7845	2516
7848	2354
6517	2042
6516	581
6519	815
6518	5540
7849	931
7860	8430
7862	9183
5200	9729
6530	3226
7861	745
5201	4939
7864	1356
6533	404
5202	1033
6532	4096
7863	942
890	190
891	190
892	354
893	7722
895	7790
896	10104
897	5333
898	4692
7855	8982
6524	2542
899	3677
6523	9913
7854	455
7857	5942
6526	2787
6525	6722
7856	1450
6528	8092
6527	400
6529	6501
7871	8685
7870	404
5210	10438
7873	2692
6542	373
6541	372
7875	668
6544	1325
7874	5868
6543	3998
5213	471
5203	4906
7866	536
6535	404
5204	9289
7865	4761
6534	404
6537	1132
7868	404
7867	404
6536	680
5207	4657
6539	404
5208	6314
6538	4273
7869	331
5209	1139
7882	8719
6551	2792
6550	3345
5220	542
7881	385
6553	7873
5221	541
7884	2282
5222	9227
6552	8751
7883	480
6555	9678
7886	506
6554	8054
7885	2834
5224	59
7877	2712
5214	471
6546	1749
5215	9047
6545	2254
7879	8130
6548	3756
5216	117
5217	5887
6547	1325
7878	304
5218	541
5219	541
6560	10297
7891	1157
7890	8990
7893	1392
5230	59
5231	4698
7892	1157
6561	1602
5232	1615
5233	10448
6563	7803
7894	1157
6566	9232
6565	558
7888	506
5225	59
5226	9600
7887	506
5227	59
7889	506
5228	59
5229	59
6571	6115
6570	8234
5240	2539
6573	370
5241	531
6572	370
5242	299
5243	4947
6575	547
6574	547
5244	299
6577	4302
5245	8173
5246	9245
6576	8815
7899	5254
6568	2291
6567	5983
5238	2767
5239	9330
5250	5572
6582	562
6581	562
5251	12
6584	562
5252	12
6583	562
5253	1931
5254	11429
6586	562
5255	5207
6585	562
6588	562
6587	562
6580	562
6579	562
5247	685
6578	562
5248	1215
5249	595
5261	1837
5262	9558
6592	4325
6595	8860
5263	9657
5264	3235
6594	8442
5265	1207
6596	8846
5267	3779
6599	8618
6598	2994
5260	3923
6590	4880
6589	8595
5273	9499
5274	2301
5275	1627
5276	3671
5277	796
5278	796
5271	4156
5269	657
5283	2987
5284	2365
5285	8847
5286	2910
5287	1141
5288	10409
5289	8639
5280	1141
5281	1141
5282	2911
5294	886
5295	8908
5296	6137
5298	5130
5299	952
5290	1091
5291	1091
1701	10728
1700	10209
1709	3022
1708	383
1707	8854
1706	9685
1705	9836
1704	383
1703	383
1712	1555
1711	5662
1710	384
1719	5266
1718	8217
1717	10881
1716	6465
1715	455
1714	8286
1713	1555
1723	9525
1722	5082
1721	450
1720	5400
1729	10116
1728	132
1726	8447
1725	450
1724	450
1734	10710
1733	9916
1732	7843
1731	341
1730	9718
1739	563
1738	1238
1737	2948
1736	563
1735	627
1745	328
1744	9561
1743	328
1742	1222
1741	3472
1740	563
1749	9515
1748	9280
1747	8164
1746	8150
1756	7952
1755	428
1754	10587
1753	428
1752	8276
1751	7375
1759	2308
1758	8429
1757	8923
1770	4924
1767	9576
1766	6843
1765	1346
1764	1016
1763	104
1762	7000
1761	358
1760	312
1769	10564
1768	8133
1781	9407
1780	7626
1778	1533
1777	9104
1775	571
1774	9131
1773	640
1772	10209
1771	3757
1792	9506
1791	8199
1790	782
1789	4238
1788	7969
1787	8493
1785	571
1784	571
1783	9907
1782	1186
1799	10387
1798	8080
1797	307
1796	6470
1795	8245
1794	7934
1793	6206
900	2157
902	1315
903	3262
904	9858
905	1090
906	4550
907	7189
908	9420
909	4535
910	1146
911	4115
912	2146
913	7615
914	4027
915	3814
916	2025
917	1058
918	6391
919	1058
920	4514
921	2364
922	9819
923	1058
924	1058
926	1580
927	74
928	6877
929	4575
930	5943
931	641
932	6413
933	4316
934	5371
935	8890
936	6481
937	9136
938	8692
7907	3496
7906	3287
7909	1158
7908	9215
940	164
941	9035
942	4641
943	7469
944	1983
945	5794
7901	4549
946	10398
7900	4173
947	9595
7903	3383
948	8638
7902	3764
7905	605
949	2760
7904	2926
7919	787
950	2957
951	223
954	5185
7910	9028
955	6140
7912	8609
956	8010
7911	331
957	833
958	6706
7914	421
959	9698
7913	3301
7916	917
7915	697
7930	1858
7929	3669
7928	6499
960	9041
961	4723
962	3561
963	8076
964	2473
7921	6909
965	178
966	5927
7920	173
967	9320
7923	372
968	8538
7922	372
7925	372
969	426
7924	8593
7927	8415
7941	748
7940	748
6609	5921
6608	4778
7939	748
970	3885
971	9065
972	6849
973	133
974	10525
975	8450
976	121
7932	1993
6601	536
6600	8849
977	4617
7931	2178
978	10138
7934	1858
6603	536
7933	3725
979	5546
6602	536
6605	4011
7935	1858
6604	536
6607	3041
7938	1482
6606	7396
7937	748
7950	479
7952	2345
6621	1586
6620	8863
6619	6870
980	157
981	6109
982	8294
983	3407
984	4830
985	6870
986	9174
6612	2138
987	741
988	11308
6611	5110
7942	748
989	7657
6614	3026
7945	2715
6613	8932
7944	499
6616	7041
6615	9230
7946	8494
6618	8697
7949	479
6617	1347
7948	734
7961	9578
6630	521
7960	670
6632	8317
5300	952
5301	9385
990	180
991	5468
992	276
993	11607
994	9076
995	5209
996	11246
998	5527
7954	368
6623	14
999	7337
7953	421
6622	1779
6625	1764
7956	368
6624	10335
7955	368
6627	6167
6626	3750
7957	3724
6628	6280
7959	670
7970	520
6641	1088
5310	2773
6643	3172
5311	5362
7974	450
5312	7436
6634	10188
7965	8165
7964	3866
5303	2685
6633	1139
6636	2651
7967	1487
5305	8343
6635	3578
7966	520
5306	4447
7969	578
6638	931
7968	1873
5308	7004
5309	5244
6639	14
6650	1831
7980	3835
5320	4644
6652	1830
5321	9914
6651	1830
6654	1830
7985	2009
5322	1054
5323	9074
6653	1830
5313	5004
6645	2369
7976	450
5314	1148
6644	1830
7975	450
5315	1148
6647	1830
7978	400
5316	6177
6646	3434
5317	5781
6649	5240
6648	2623
7979	8408
7992	8474
6661	3162
5330	413
7991	1119
6660	52
6663	6832
4000	2583
7994	6549
4001	6862
5332	3046
7993	2374
5333	1689
6665	9879
7996	5982
5334	2743
7995	117
5324	4213
6656	114
6655	3433
7986	40
5326	6296
6658	3392
5327	8706
6657	3468
5328	413
5329	1073
6670	4581
6672	790
4010	985
5341	9443
6671	2046
4011	10163
5342	6005
6674	790
4012	5912
5343	2219
6673	790
4013	9921
5344	2190
6676	4352
4014	2511
6675	790
5345	1022
5335	9960
7998	247
6666	2004
5336	2631
4005	953
5337	546
4006	1734
4007	4661
6668	5536
7999	247
5339	5539
4008	4724
4009	6541
6681	902
5350	3375
6680	1510
4020	3603
5351	4504
6683	164
4021	9565
5352	3487
6682	5529
5353	785
6685	4969
4023	1224
5354	3116
6684	54
4024	8683
5355	37
5356	1147
6686	6202
4025	1205
4015	2970
6678	790
5346	1022
4016	1895
5347	1669
6677	790
5348	1022
6679	790
4019	786
5360	5371
6692	3311
4030	5321
5361	2386
6691	149
4031	6788
5362	879
5363	2593
5364	6709
6696	920
4034	2184
5365	1055
6695	1563
5366	1909
6698	432
4035	367
4036	9477
5367	1055
6697	432
5357	1147
4026	1255
5358	1148
4027	2351
4028	1205
4040	10774
5371	127
4041	10192
5372	127
4042	5952
5373	128
4043	9349
5374	127
4044	10215
5375	5808
4045	10328
5376	877
4046	8632
5377	876
4047	6767
5378	8078
5370	127
4037	11995
5368	5250
6699	8278
4038	591
4039	3728
4051	8257
5382	5881
5384	8564
4053	1590
5385	1047
4055	9924
5386	1707
4056	5555
5387	5468
4057	951
5388	2686
4058	8615
5380	1197
4050	367
5381	1976
4048	65
4049	4908
4062	2324
5393	5616
4063	6969
4064	1337
5395	725
4065	10750
5396	3968
4066	3988
5397	1726
4067	1337
5398	2492
4068	5405
5399	5258
4069	1337
5390	1314
5391	8108
4061	1337
5392	9349
4059	3814
4073	8914
4074	7713
4075	1337
4076	9007
4077	9052
4078	5283
4079	1825
4070	9051
4071	9591
4072	9804
4085	12
4086	1684
4088	8412
4089	2946
1809	964
4080	561
4082	4976
4083	1007
1800	6239
1808	10798
1807	3875
1806	646
1805	8719
1804	646
1803	6744
1802	7942
4095	2210
4096	1901
4097	1901
4098	9398
4099	11708
4090	814
4091	815
4092	814
4093	73
1811	9689
1810	647
1819	5557
1816	9521
1814	10812
1813	7813
1812	1880
1822	2944
1821	2865
1820	9092
1829	1818
1828	1114
1827	1457
1826	988
1825	988
1823	9481
1833	5923
1832	2847
1831	2589
1830	2589
1839	988
1838	7224
1837	8530
1836	9662
1835	10427
1834	988
1844	423
1842	9886
1841	988
1840	1314
1849	8703
1848	8990
1847	10297
1846	423
1845	423
1855	9326
1853	423
1852	423
1859	9201
1858	8600
1857	8085
1856	495
1866	310
1865	7682
1864	7174
1863	704
1862	1669
1861	6322
1860	495
1869	2552
1868	3218
1867	505
1880	8370
1876	3106
1875	8172
1874	4775
1873	1411
1872	4675
1871	1411
1870	1411
1879	4291
1891	6908
1890	691
1888	9697
1887	1360
1886	2380
1885	8220
1884	7868
1883	469
1882	469
1881	469
1889	718
1899	2978
1897	996
1896	8639
1895	475
1894	475
1893	9378
1892	2081
6707	4119
6709	2748
6700	7125
6702	3880
6701	175
6703	617
6706	1855
6705	575
6720	8928
6719	1952
6718	472
6711	2552
6710	2966
6713	2066
6712	7434
6715	9732
6714	9700
6717	1547
6731	1054
5400	2726
6730	1054
6729	1054
6721	3863
6724	4103
6723	2897
6726	3073
6725	7422
6728	1611
6727	1611
5410	580
5401	2495
6732	1054
6735	397
5404	10698
6734	2673
5405	3522
6737	7022
6736	8486
5406	7102
6739	9024
6738	397
6751	269
5421	8070
6753	1622
5422	1084
6752	746
5412	11282
6744	1180
6746	912
5415	8498
6745	351
5416	104
5417	5847
6747	3006
5418	1084
5419	2911
6749	132
6760	1479
5430	9709
6762	2560
4100	1901
6761	871
5431	1126
5432	8163
6764	788
5423	10268
6755	5237
5424	2334
6757	2
5426	5444
6756	988
6759	7008
5427	6719
5428	2706
6758	2791
5429	734
6771	1341
6770	9555
5440	1115
4110	9947
6773	932
4111	6251
6772	6716
5442	2080
6775	1886
6774	9993
4103	9726
6766	3391
5434	2298
5435	1621
4104	3668
6765	8962
4105	820
6768	502
5436	998
4106	820
5437	8773
6767	1249
4107	820
5438	998
5439	8969
4108	820
6769	3172
4109	820
6780	9022
6782	767
4120	3231
6781	3435
5452	9607
6784	9992
4121	3336
6783	8721
4122	2741
4123	6105
5454	9666
4124	11081
5455	4542
5445	9891
6777	5858
5446	4589
6776	2117
4116	4936
6779	1933
5447	1109
4117	7683
6778	2389
5448	2200
5449	10275
4119	4005
6791	6
6790	9479
5460	530
4130	3151
6793	971
5461	530
5462	5416
4131	2741
5463	8934
4132	2741
6795	1325
4133	3232
6794	971
5465	8356
4134	8840
6797	1220
5466	8499
4135	3162
4125	2951
5456	2582
6788	5318
5457	8586
4126	3556
6787	103
4127	9339
5459	10649
6789	8917
4128	4616
4129	2811
5470	5514
4140	4431
5471	3278
4141	3809
5472	4702
4142	7861
5473	586
5474	3614
4143	2741
4144	9263
5475	1768
5476	989
4145	3021
4146	2741
5477	720
4136	6218
5467	6152
4137	3840
5468	4079
6798	1221
4138	9810
5469	1594
4139	2741
4150	6203
5481	3857
4151	9213
5482	9184
4152	8288
5483	933
5484	10602
4153	2741
5485	5928
4154	2741
4155	3333
5486	933
5487	7993
5488	933
5480	2069
5478	4356
4147	2915
5479	9131
4148	3228
4149	3739
4162	9939
4163	1111
5494	316
4164	2036
5495	2343
4165	810
5496	315
4166	810
5497	315
5499	6205
5490	933
5491	933
5489	3922
4159	1964
4173	7705
4174	890
4175	8783
4176	890
4177	890
4178	2252
4179	10049
4170	42
4171	3876
4169	2698
4183	4893
4184	1597
4185	1597
4186	4017
4187	5174
4188	4272
4189	9160
1909	376
1908	8307
4180	268
4181	7187
1907	376
1906	376
1905	376
1903	8092
1902	426
1901	7556
1900	312
4194	2367
4195	2042
4197	3802
4198	658
4199	7831
1919	10757
4190	3466
4191	11314
4192	3839
1918	9871
1917	418
1916	418
1915	9425
1914	1231
1913	376
1912	2279
1911	376
1921	645
1920	7394
1929	691
1928	3620
1927	7755
1926	691
1925	6514
1924	4899
1923	1376
1922	10030
1932	691
1931	6016
1930	691
1939	691
1938	691
1937	5795
1935	9153
1934	691
1933	691
1943	3369
1941	303
1940	3107
1948	4630
1947	6973
1946	2505
1945	1856
1944	2211
1953	8180
1952	1449
1951	7855
1950	1770
1959	401
1958	401
1956	10129
1955	3186
1965	8114
1964	9519
1963	8434
1962	5520
1961	7855
1960	401
1969	8990
1968	976
1967	6211
1966	9804
1976	2435
1975	585
1973	8998
1972	10923
1971	4317
1970	1460
1979	8762
1978	585
1977	8755
1990	10337
1987	8642
1986	6241
1985	9110
1984	9122
1983	7295
1982	10613
1981	1026
1980	8607
1989	1104
1988	1104
1997	9355
1996	3113
1995	3863
1994	3113
1993	2369
1992	9480
1991	9208
6807	98
6806	5518
6809	5721
6808	99
6801	2418
6800	1220
6803	8011
6802	435
6805	5156
6804	2024
6818	1183
6819	657
6810	648
6812	993
6811	648
6813	2844
6816	864
6815	1938
6829	2340
6828	587
6821	728
6822	1338
6824	728
6826	2301
6841	1602
6840	6722
5510	394
5508	601
5509	9309
6832	10436
5500	7442
5501	1279
6834	2606
6833	9693
5503	1255
6836	673
5504	1240
6835	673
5505	542
5506	8915
5507	601
6837	854
6850	7774
5520	2508
6852	568
5521	4345
5519	1796
5511	9049
6843	751
5512	2909
6842	751
5513	6773
6845	1354
5514	5283
6844	751
5515	5195
6847	311
5516	1955
6846	1667
5517	1796
5518	1796
6848	6455
6861	1009
6860	9037
5530	1796
5531	10469
4200	2825
6863	2648
4201	9587
5532	8010
6862	771
5522	1796
6854	732
5523	1796
5524	12277
6856	445
5525	1796
6855	9726
5526	5223
6858	1260
5527	8813
5528	3416
5529	9724
6859	4533
6870	2065
5540	1963
4210	650
5541	383
6871	10
4211	9358
5542	2812
4212	10097
5543	11179
6873	8657
4202	649
6865	4279
5533	1550
4203	649
5534	5360
6864	1751
4204	1187
5535	1013
6867	2903
4205	3704
5536	3469
6866	1877
6869	9397
4206	649
5537	1013
4207	649
4208	1388
5539	8615
4209	649
6881	1186
5550	4497
6880	1975
4220	5060
5551	3163
6883	1973
4221	7243
5552	3785
4222	8074
5553	6446
6885	4977
4223	4455
5554	1219
6884	468
4213	2599
5544	3119
6876	986
4214	3293
5545	9619
6875	9118
4215	1636
6878	986
4216	4400
6877	986
5548	1219
4217	160
4218	6929
5549	4531
4219	9742
6890	5758
6892	4817
5561	976
4231	8520
5562	4624
5563	9869
4232	1091
4233	9317
5564	4766
6896	2351
4234	8572
5565	3231
6895	2641
4224	6197
5555	1219
6886	3118
4225	1767
6889	1480
5558	842
4228	2022
5559	8327
4229	1522
5570	2842
5571	1249
4240	1102
5572	1249
4241	1103
5573	1249
4242	1102
4243	1103
4244	1102
4245	2028
5576	919
4235	3937
5566	2073
6897	8902
5567	445
5568	8715
4237	86
5569	2977
4238	1554
6899	2120
5580	578
4250	1634
5581	763
5582	9837
4251	1007
4252	2748
5583	764
5584	9385
4254	5067
4255	3929
4256	10277
5587	33
5577	3747
4246	1102
4247	10380
5578	409
5579	1690
4248	1529
4249	1007
4260	696
5591	6054
4261	9931
5592	7314
4263	9630
5594	575
5595	575
4264	266
4265	2219
5596	9328
4266	9922
4267	726
5598	1102
5590	4091
4257	1141
5588	3492
5589	4877
4259	696
4272	5163
4273	5304
4274	1415
4275	2650
4276	9704
4277	1414
4278	1414
5599	1102
4269	9774
4282	4034
4283	1039
4284	1039
4285	1275
4289	9417
4280	1414
4279	1414
4295	6992
4296	685
4297	10540
4298	8686
4299	9635
4290	9743
4291	2868
4292	4540
6906	6078
6905	1219
6908	1219
6907	9864
6909	1219
6900	6524
6902	5355
6901	8518
6904	234
6903	3
6917	5221
6916	6424
6918	9252
6911	2737
6910	1219
6913	9681
6912	5129
6915	1329
6914	10310
6928	976
6927	567
6929	566
6920	3739
6922	1733
6921	1733
6924	4941
6923	6121
6926	567
6940	441
5607	2479
5608	5426
6938	5537
5609	2479
6930	9194
5600	4633
6933	6775
5601	2809
5602	1102
5603	1498
6935	2803
6934	9733
5604	3919
5605	9680
5606	6476
6936	2716
6951	7715
5620	7983
6950	3111
6949	1955
6942	7009
5610	3562
5611	2479
6941	7912
5612	8735
5613	2479
6943	1540
6946	10009
5614	8405
6945	7917
5615	3797
6948	8326
5616	5924
5617	8311
6947	484
6960	1934
5630	8272
6962	1934
5631	3912
6961	2268
5629	864
6953	8217
5622	483
5623	7278
6955	9158
5624	8748
6954	965
5625	864
5626	8523
6959	3228
5627	1460
6958	1939
5628	864
6971	2589
5640	8367
4310	11777
4311	4790
6972	1736
5633	790
6963	1934
4303	5274
5635	4989
4304	738
6965	1159
6968	1004
4305	738
5636	378
5637	9247
6967	4914
4306	738
5638	8852
4307	1694
5639	7235
4308	3743
6969	1003
6980	8842
5650	8039
6982	7771
4320	1818
5651	9166
6981	250
4321	1700
6984	2970
5652	361
6983	520
5653	361
4322	295
4312	3378
6975	4045
5643	2616
4313	3456
5644	6067
6974	1956
4314	3610
5645	378
4315	9759
6976	9117
5646	563
4316	4645
6979	9825
5647	4481
4317	2414
6978	849
5648	321
4318	3416
5649	854
4319	4402
6991	6471
5660	1730
6990	1202
5661	1915
6993	8093
4331	7337
5662	1326
4332	3902
5663	5882
6995	626
4333	2565
6994	8832
5664	4021
3002	9734
3001	5431
3000	9250
4323	8699
6986	422
4324	6131
5655	8052
6985	708
5656	2039
4325	5613
5657	2637
4326	6486
6987	1598
5658	3734
4327	5464
5659	1304
4328	5325
4329	7440
5670	2967
5671	8662
4340	403
4341	8082
5673	3302
4342	3756
4343	3691
5674	517
4344	1047
5675	3791
3013	647
3012	647
3011	570
3010	10523
3009	10140
3008	1699
3007	10223
3006	5958
3005	10628
3004	3709
3003	1699
4334	1796
6997	3251
5665	1848
4335	11233
5666	4665
6996	29
4336	1796
5667	2224
6999	914
4337	1796
5668	2921
6998	915
4338	10583
5669	1691
5680	7926
4351	6556
5682	657
5683	9638
4352	1087
5684	9138
4353	8319
4354	3562
5685	2113
4355	9051
5686	2573
3024	10465
3023	2900
3022	1211
3021	9402
3020	9751
3019	1211
3018	9307
3017	2751
3016	2096
3015	9430
3014	9961
5676	870
4345	1477
4346	403
4347	5179
5678	1
4348	403
5679	2
4349	8837
5690	676
5691	6792
4360	494
4361	9587
5692	7001
5693	9374
4362	494
4363	7188
5694	3614
4364	6871
5695	2109
4365	9176
5696	7306
5697	11440
4366	1497
3035	5400
3034	10839
3033	10162
3032	10754
3031	8738
3030	9398
3029	9499
3028	11245
3027	10314
3026	11398
3025	3943
5687	2113
4357	874
5688	2113
4358	743
5689	676
4359	3699
4370	444
4371	3478
4372	444
4373	8984
4375	3129
4377	5243
3046	3414
3044	3531
3043	1923
3042	1923
3041	6059
3040	4276
3039	6456
3038	1923
3037	6021
3036	4076
5698	2109
4368	444
4369	1916
4381	718
4382	718
4383	1512
4384	9697
4385	7703
4386	6722
3057	8213
3056	9211
3055	7634
3054	573
3053	4949
3052	573
3051	573
3050	8694
4380	718
3049	2516
3048	342
3047	4013
4378	718
4379	3848
3060	2322
4393	295
4394	295
4395	1015
4396	295
4397	295
4398	3385
4399	295
3068	7801
3066	1465
3063	734
3062	7049
3061	1235
3059	9939
4389	251
3071	947
3070	645
3078	1815
3077	3309
3076	947
3075	1667
3074	947
3073	9706
3072	6205
3082	3388
3081	7671
3080	6599
3089	11597
3088	7946
3087	4116
3086	3966
3085	1401
3084	11161
3083	2045
3093	359
3092	10504
3091	1401
3090	6233
3099	8508
3098	6402
3097	359
3096	2008
3095	7598
3094	5550
5706	3647
5707	2252
5708	4699
5709	5661
5702	3533
5703	791
5704	2928
5705	6752
5717	2274
5718	1118
5710	1308
5711	1308
5712	1308
5713	4571
5714	10581
5730	505
5729	505
5720	1582
5721	9531
5722	1454
5726	185
5740	3151
5741	5123
5739	9567
4408	1207
4409	2048
4400	10336
5731	741
5732	8974
4401	8495
4402	8015
5733	824
4403	4161
4404	676
5735	519
4405	1207
5737	8784
4406	1958
5738	8236
4407	1207
5750	2934
5751	582
5752	582
4411	4975
5743	9816
4412	8702
4413	44
5744	170
5745	6284
4414	468
4415	6331
5746	1152
4416	5897
5747	1569
4417	9111
5748	1152
5749	1433
4418	171
5760	9546
4430	3491
5761	3614
4431	3735
4432	7882
5763	2479
3101	1912
4422	9568
5753	8813
5754	2426
4423	621
4424	9625
5755	179
4425	1450
5756	6207
5757	6609
4426	4416
4427	2693
4428	5255
4429	4580
5770	2534
4440	3758
5771	3788
4441	10279
5772	8040
4442	5722
5773	9657
4443	5688
5774	910
3112	1528
3111	1316
3110	7016
3109	5331
3108	4318
3107	5541
3106	9346
3105	1460
3104	7627
3103	9583
3102	202
4433	5969
5764	1243
4434	2870
5765	1243
4435	8821
4436	3069
4437	8222
5768	4316
4438	4488
5769	2804
4439	2693
5780	9272
5781	845
4450	516
4451	4379
5782	560
5783	5492
4452	517
4453	9091
5784	6988
4454	1010
5785	1655
3123	1525
3120	2941
3119	2567
3118	1784
3117	10868
3115	6842
3114	9479
3113	1528
5775	10017
4444	2693
5776	8992
4445	2693
4446	2932
4447	5986
5778	2556
4448	10323
4449	516
5790	8798
4460	1064
5792	4341
4461	823
4462	712
5793	1028
4463	9657
5794	129
4464	580
5796	10075
4465	1880
3134	782
3133	782
3132	2561
3131	782
3130	8738
3129	2200
3128	460
3127	5356
3126	7926
3125	9775
3124	2200
4455	5532
5786	1391
4456	2126
5787	6509
4457	1010
5788	2720
5789	452
4458	798
4459	2698
4470	160
4471	7372
4473	318
4474	2457
4475	318
4476	3748
3145	8822
3144	10551
3143	1274
3142	6745
3140	9986
3138	4766
3137	2211
3136	9540
3135	782
4466	6623
5797	2358
5798	8888
4467	366
4468	8691
5799	9186
4469	1247
4480	8232
4481	1107
4482	9295
4483	10583
4485	9768
4486	7682
4487	6531
3156	867
3155	6685
3154	631
3153	631
3152	389
3151	389
3150	9598
3149	632
3148	9716
3147	3572
3146	1079
4477	1027
4478	318
4479	318
4491	2209
4492	1204
4493	2209
4494	2209
4495	2209
4496	3164
4497	2209
4498	965
3167	697
3166	697
3165	697
3164	9265
3163	511
3162	2112
3160	2553
4490	2209
3159	4925
3158	511
4488	9678
4489	6795
3176	4101
3175	8299
3174	1375
3173	9055
3172	4796
3171	3868
3169	2209
3168	8679
3181	2842
3180	9163
3189	5076
3188	7385
3187	1839
3186	1839
3185	2676
3184	1839
3183	3100
3182	1839
3192	10757
3191	9644
3190	5895
3199	5479
3198	661
3197	1841
3196	5524
3193	4770
8002	7474
8000	247
8001	247
8006	13
8007	1339
8005	693
8013	555
8014	1
8011	555
8012	3219
8015	2
8010	755
8009	555
8024	3088
8025	1464
8023	499
8028	1363
8027	11
8020	13
8021	723
8019	1995
8035	1019
8036	2469
8033	2137
8037	8185
8038	1457
8046	2223
8047	2659
8044	8068
8045	1466
8048	729
8049	608
8042	8636
8043	2390
8040	433
8041	1667
8057	386
8058	1986
8055	386
8056	386
8050	5395
8053	3041
8054	1415
8051	8072
8052	608
8068	5743
8069	1801
8066	3552
8060	1092
8061	3598
8064	1139
8065	1139
8062	1139
8063	1425
8079	2795
8077	672
8071	647
8072	647
8070	647
8073	7263
8088	1201
8089	8
8083	8925
8080	419
8081	419
8086	499
8087	499
8084	499
8085	3406
5805	4857
5806	9896
5807	8607
5808	3015
5809	6573
5800	10830
5801	5834
5802	11248
5803	2231
5804	9609
8099	2301
8093	1870
8094	1912
8091	1871
8092	3316
8097	1357
8098	2301
8095	1870
8096	1870
5816	9036
5817	10282
5818	10041
5819	8907
8090	2902
5810	6748
5811	9510
5812	8888
5813	1868
5814	10882
5815	2088
5827	9131
5828	9327
5829	9352
5820	4102
5821	7534
5822	10239
5823	4014
5824	8831
5840	361
4507	8230
5838	875
5839	9419
4508	732
4509	3618
5830	5211
4500	8120
5832	4065
4502	1025
5833	297
4503	798
5834	2231
4504	1664
5835	7580
5836	4176
5837	7662
5850	6372
4510	9864
5841	361
4511	5204
5842	361
5844	9556
5846	786
4516	227
5848	8641
5860	7321
4530	10032
5861	870
4531	9674
5862	7793
3200	8726
4529	8000
4521	1407
5852	413
5853	413
4523	815
5854	413
4524	4467
5855	4262
5856	1002
4526	1864
5857	8013
4527	9203
4528	9463
5859	2360
5871	9673
5872	9636
4542	3236
5873	2175
3211	2792
3210	4104
3208	3483
3207	467
3206	467
3205	372
3204	593
3203	594
3202	4503
3201	2586
5863	8861
4532	2896
5864	516
4533	1265
4534	9569
4535	2729
5866	516
4536	10995
5868	1077
4538	1180
3209	7621
4539	147
5880	2125
4550	8970
4551	9310
5882	2256
4552	5092
5883	1821
4553	1999
5884	1557
3222	2337
3221	2337
3220	2337
3219	2337
3218	2337
3217	2337
3216	2790
3215	2337
3214	2337
3213	2337
3212	2337
4543	2479
5874	543
5875	543
4544	67
4545	998
5876	543
5877	2271
4547	10015
5878	543
5890	3772
5891	8460
4560	2204
4561	2231
5892	2762
4562	7029
4563	4100
4564	7843
5895	674
3233	1638
3232	191
3231	191
3230	191
3229	192
3228	1070
3227	7018
3226	1070
3225	5403
3224	2337
3223	2337
5885	1112
4554	365
5886	9388
4555	365
5887	7390
4556	365
4557	8313
5888	458
4558	7051
5889	458
4574	10120
4575	1769
3243	8482
3242	4652
3241	357
3240	356
3239	1685
3238	10674
3237	3348
3235	7185
3234	191
4565	1925
5896	2574
5897	9614
4566	2526
4567	2757
4568	1627
5899	1474
4569	920
4580	996
4581	1698
4582	3369
4583	7055
4584	5277
4586	4497
3255	6753
3253	10145
3252	7248
3251	9449
3250	2903
3249	1999
3248	986
3247	1683
3246	1277
4576	4830
4577	1183
4578	10122
4591	2584
4592	3207
4593	206
4594	1188
4595	2824
4596	1188
4597	1188
3266	5354
3265	9764
3264	857
3263	857
3262	6560
3261	857
3260	10043
3259	2820
3258	10888
3257	643
3256	7331
4587	9988
4588	8471
3277	2154
3276	10866
3275	6517
3274	10412
3273	2153
3272	2265
3271	7089
3270	3357
3269	4602
3268	3428
3267	681
4598	7875
4599	1047
3280	2611
3288	852
3285	5200
3284	9696
3282	3863
3281	2153
3279	2307
3278	2615
3291	11009
3290	7728
3299	672
3298	672
3297	9059
3296	2462
3294	754
3293	8331
3292	4429
8101	2301
8102	2301
8100	2301
8105	2301
8106	2301
8103	2301
8104	2301
8112	2390
8110	2301
8111	2756
8114	2301
8115	2301
8109	2301
8107	3520
8108	2301
8124	7113
8121	8521
8122	7940
8128	8221
8126	372
8120	400
8118	400
8119	400
8134	8628
8135	454
8132	6580
8133	157
8138	454
8139	2050
8136	454
8137	454
8130	5881
8131	134
8145	428
8146	605
8144	350
8149	2883
8147	93
8148	6095
8141	8707
8142	350
8140	350
8156	1865
8157	1759
8155	1210
8158	1210
8159	1210
8152	2807
8153	759
8150	55
8167	514
8168	8117
8165	181
8166	514
8169	6511
8163	8281
8161	384
8162	1313
8178	8018
8179	325
8177	325
8170	474
8171	804
8174	9100
8175	237
8172	474
8173	1829
8189	1373
8187	528
8181	325
8182	325
8180	325
8186	3164
8183	325
8184	325
5907	821
5908	5199
5909	1041
5902	9477
5903	1274
8198	8130
8199	123
8192	8360
8193	1328
8190	915
8196	275
8197	276
8194	466
8195	466
5915	5345
5916	3873
5917	1778
5919	2482
5910	5325
5911	1041
5913	4410
5914	2214
5926	3683
5927	3409
5928	8959
5920	2306
5921	3129
5922	9071
5923	2534
5924	482
5925	8634
5937	2014
4607	1035
5938	2326
5939	2443
4608	1035
4609	1846
5930	2649
4600	10011
5931	4943
5932	9119
4601	775
5933	8731
4602	1410
4603	102
5934	6847
4604	8702
5935	4116
4605	6812
5936	9127
5950	8255
4617	896
4618	3450
5949	1539
4619	173
5940	4798
5941	2014
5942	2494
4611	2110
5943	165
4612	538
4613	9297
5944	663
5945	3390
5946	1323
4615	896
5947	9336
4616	4402
5960	1596
5961	4422
4630	4526
5959	506
4629	1332
4620	7127
4621	6431
5952	4491
4622	1332
4623	3400
4624	2970
5955	3177
4625	5868
5956	1760
4626	4119
4627	1332
5958	1075
4640	1348
5972	5908
4641	464
3310	9145
3307	9458
4639	3170
3306	4140
3305	5878
3304	7489
3303	672
3302	672
3301	6863
3300	1784
4631	8012
5962	638
4632	10800
5963	8812
4633	3547
5964	506
5965	3311
5966	2579
4635	89
4636	421
5967	825
3309	9623
5969	8026
4638	34
5980	8331
5981	3481
4650	6512
4651	2470
5982	2324
4652	4485
5983	1510
3321	9908
3320	8588
3318	2355
3317	5905
3316	4082
3315	5572
3314	2355
3313	7597
3312	2355
3311	1586
5973	7403
4644	1401
4645	7055
5977	6219
4646	8609
4647	7431
5978	1054
4648	7081
3319	7484
4649	646
5990	1510
5991	6635
4660	801
4661	9929
5992	504
4662	10065
5993	3653
5994	8905
4663	5098
2001	9769
3332	687
3331	687
2000	821
3326	5608
3325	4392
3324	8309
3323	1420
3322	597
4653	10486
5984	4711
4654	5047
5985	1510
4655	2556
5986	1510
5987	1510
5988	2220
4658	2669
5989	1510
4659	2705
4670	1249
4671	3775
4672	2094
4673	7788
4674	1785
3343	4377
2012	2337
3342	1311
2011	1573
2010	6731
3341	1311
3340	4204
2009	9271
3339	1311
2008	496
3338	9390
2007	7456
2005	498
2004	8905
3335	687
3334	11128
2003	9104
3333	5194
2002	415
4664	4391
5995	2375
4665	4809
4666	10607
5997	825
5998	9589
4667	1249
5999	5819
4668	1249
4669	4818
4681	6019
4682	4047
4683	785
4684	3027
3354	5843
2023	496
3353	5325
3352	12789
2021	496
3351	9382
2020	496
3350	8142
2019	496
3349	2904
2018	1096
3348	8989
2017	496
2016	9703
3346	8939
2015	496
2014	9459
3345	7395
3344	1311
2013	496
4675	1348
4677	6762
4678	6086
4692	797
4693	1089
4694	797
4695	797
4696	797
2034	496
2033	7253
3363	852
2032	496
3362	441
2031	496
3361	842
2030	496
3360	441
2029	2134
3359	441
2028	821
3358	441
2027	496
3357	745
2026	496
3356	441
2025	496
3355	935
2024	496
4686	8085
4687	9901
4688	7678
4689	8176
3376	8368
2045	496
3375	7555
2044	1096
3374	1935
3373	4710
2042	1096
2041	4365
3371	9308
2040	496
3370	565
2038	1661
3369	565
2037	4125
3368	565
3367	1483
2036	1096
3366	8884
2035	496
4697	797
4698	798
4699	797
2056	484
3386	6988
2055	6854
2054	2292
3385	1982
2053	8810
3384	3543
3383	2861
2052	4354
3382	1982
2051	896
3381	10045
2050	3051
3380	8427
2049	2424
3379	6080
3378	8610
2047	712
3377	3044
3390	7540
2067	1727
3398	581
2066	11514
3397	2293
2065	8815
3396	1079
2064	3061
3395	581
3394	11044
2063	4381
3393	9811
2062	10229
3392	7544
2061	2201
2060	6467
3391	3127
2059	3507
2058	484
3389	2359
3388	8027
2057	484
2070	427
2077	653
2076	8405
2073	8021
2072	9450
2071	9324
2069	5494
3399	1373
2068	1850
2081	482
2089	282
2088	1607
2087	282
2086	282
2085	7767
2084	2348
2083	3811
2082	482
2079	7333
2092	1558
2091	8587
2090	282
2099	4655
2097	8140
2096	1270
2095	7897
2094	741
2093	8291
8204	3975
8205	479
8202	480
8203	479
8211	1541
8212	8699
8215	334
8216	334
8213	1201
8214	1169
8209	8191
8206	479
8222	1864
8221	318
8226	4932
8227	534
8224	8085
8225	3584
8219	8300
8233	309
8231	309
8232	309
8237	7194
8238	1169
8235	1446
8236	225
8229	220
8244	398
8245	398
8242	352
8243	1648
8248	220
8249	7802
8246	4864
8241	607
8255	1139
8256	1139
8253	1140
8254	1139
8251	835
8252	1140
8266	350
8264	350
8265	350
8262	232
8263	2260
8260	194
8261	194
8277	3723
8275	2632
8276	1633
8270	571
8273	362
8274	42
8271	1907
8272	362
8288	4128
8289	1350
8286	3278
8287	6446
8284	1964
8285	1707
8282	3007
8283	1858
8297	8188
8291	9045
8292	9073
8290	9615
8295	10153
8296	5292
8293	10507
8294	10283
4705	1960
4706	9494
4707	797
4708	797
4709	9858
4700	797
4701	797
4702	797
4703	797
4704	798
4716	636
4717	10231
4718	6111
4719	9641
4710	3669
4711	797
4712	11749
4713	8786
4714	3043
4715	9342
4727	87
4728	4987
4720	1883
4721	2531
4723	1065
4725	6603
4726	4577
4740	1348
4738	1348
3406	3844
4739	4931
3405	1015
3404	10623
3403	2588
3402	9492
3401	581
3400	581
4733	2862
4735	10789
3409	6808
4736	1348
3408	10231
4737	2009
3407	1014
4750	1782
4751	3770
3417	9919
4749	1253
3416	1205
3412	665
3411	665
3410	5469
4741	2872
4742	3498
4743	2228
4744	2388
4745	2895
4746	5711
4748	9422
3418	1205
4760	4407
4761	3083
4762	3083
2100	144
3427	1205
3426	1205
3425	1304
3424	1205
3423	1205
3422	3839
4752	823
4753	824
4754	823
4755	840
4756	7923
4757	2271
4759	601
3429	3361
4771	3514
4773	195
2111	3347
3441	2439
2110	2630
3440	2274
3439	10760
2108	3893
3438	2274
3437	2274
2106	8661
3436	2274
2105	3138
3435	9075
2104	676
3434	619
2103	970
3433	9174
2102	9954
2101	5927
4763	3083
4764	9434
4765	3594
4766	3083
4767	7422
2109	9676
4780	8457
4781	9705
4782	1224
4783	4220
3453	11864
3452	10931
2121	6225
3451	8697
2120	10829
3450	5909
2119	7913
3449	10821
2118	9655
3448	1524
2117	10346
3447	11630
2116	9249
2115	6265
3446	6923
3445	7742
2114	10224
2113	3015
3444	2582
3443	10823
2112	2568
4774	3692
4776	7304
4777	8486
4778	7204
4779	2640
4790	459
4791	8254
4792	10251
4793	1019
4794	459
4795	10237
3464	9323
2133	9413
3463	9141
2132	2147
3462	8377
2131	2147
3461	9434
2130	3553
3460	9679
2129	9263
3459	11165
2128	9124
3458	10145
2127	4539
3457	9755
2126	2147
3456	12516
2125	2892
3455	9526
3454	11086
4785	459
4786	5915
4787	459
4788	3618
4789	698
2144	10636
3475	1883
2143	485
3473	9926
2142	1312
3472	6143
2141	1314
3471	2830
3470	6083
2139	1372
3469	7454
2138	718
2137	8129
3468	1478
3467	901
2136	325
2135	11370
3466	7675
2134	10002
3465	4587
4796	9160
4797	9489
4798	8944
4799	1254
3486	7901
2155	535
2153	3001
3483	9163
2152	826
3482	6472
2151	8995
3481	5637
2150	485
3480	10089
2149	681
3479	10428
2148	485
3478	7786
2147	485
3477	7818
2146	485
2145	11899
3497	1206
3496	4430
2165	8348
3495	1639
2164	632
2163	5693
3494	1205
3493	1205
3492	2694
2161	1171
2160	10302
3491	1557
3490	1702
2159	4399
3489	9638
3488	5574
2157	9007
2156	6684
3487	714
2177	733
2176	5693
2175	101
2174	10400
2173	1156
2172	7064
2171	5560
2170	1743
2169	5977
2168	7607
3499	1733
3498	10880
2167	256
2180	290
2188	2630
2187	945
2186	8459
2185	1289
2184	1155
2183	19
2182	6269
2181	8235
2179	290
2178	8098
2191	945
2190	945
2199	340
2198	571
2197	1848
2196	1457
2195	4889
2194	2310
2193	9407
2192	1979
2189	945
7000	914
7002	1717
7001	914
7004	914
7003	914
7006	914
7005	8952
7011	5783
7010	914
7013	914
7012	8777
7015	914
7014	1274
7017	914
7016	914
7008	914
7007	914
7009	914
7022	914
7021	9369
7024	2105
7023	4802
7026	3201
7025	914
7028	914
7027	914
7020	1812
7019	1900
7018	914
7035	2408
7034	3724
7037	1662
7036	1790
7038	2411
7030	1956
7029	2727
7044	678
7043	2182
7046	4316
7045	3989
7048	294
7047	9646
7049	3365
7040	7261
7042	1361
7041	10
7055	6335
7054	8575
7057	8281
7056	6882
7059	8071
7051	294
7050	8981
7053	4827
7052	10057
7065	5325
7060	3685
7062	3251
7061	1901
7064	5746
7063	9213
7079	1250
7071	2103
7070	809
7073	8084
7072	340
7074	6680
7088	7780
7087	1323
7089	1448
7080	6544
7082	488
7084	1019
7086	6976
7085	1019
4804	451
4805	733
4806	451
4807	451
4808	9201
4809	3505
4800	1290
4801	1263
4803	451
7099	4539
7098	450
7090	6767
7092	10614
7095	1139
7094	8798
7096	2770
4815	5310
4816	792
4817	792
4818	7108
4819	562
4810	829
4811	9971
4813	7322
4814	9498
4826	806
4827	9907
4828	11351
4829	7700
4820	9394
4821	1155
4822	5774
4823	611
4824	10186
4825	1284
4837	3232
4838	2787
3504	1084
4839	2337
3500	1205
4830	179
4831	6742
4832	4454
4833	4616
3509	1349
3508	6877
4834	2337
4835	2337
4836	2337
3506	8866
4850	2894
3516	9924
4848	2337
4849	2787
3515	1342
3514	896
3513	2935
3512	4949
3511	896
3510	896
4840	3432
4841	2337
4842	2504
4843	7869
4844	2787
3519	8968
4845	2337
4846	9955
3518	4410
4847	2337
4860	3127
4861	2337
3530	2699
4859	6552
3527	8398
3526	4142
3525	4715
3524	715
3523	5807
3522	8756
3521	7664
3520	8539
4851	3027
4852	3556
4853	4278
4854	2787
4855	3235
4856	3048
3529	9719
4857	2337
3528	7547
4858	2337
4870	1461
4871	1263
4872	1263
2210	10467
3541	9795
3540	2549
3538	7850
3537	11092
2206	7917
2205	6762
3536	3094
3535	2971
2204	372
2203	372
2202	7017
3532	2194
2201	171
3531	1254
2200	1432
4862	4335
4863	2338
4864	2743
4866	4679
4867	1263
2209	10048
4868	1263
3539	2285
4869	1263
4880	2297
4881	2663
4882	3314
4883	2686
3552	996
2221	331
3551	996
3550	996
3549	6457
2218	233
2217	4470
3548	8124
3547	8025
2216	366
2215	5225
3545	2188
2214	1525
3544	3306
2213	576
3543	2408
2212	576
3542	4806
2211	8193
4873	1263
4874	2167
4875	10610
4876	1073
4879	8467
2219	233
4890	448
4891	4665
4893	3102
4894	7478
2232	2237
3563	2002
3562	10743
2231	9856
3561	2409
2230	7452
3560	7410
2229	9931
2228	166
2227	2159
3558	434
3557	9710
2226	8166
3556	5070
2225	10630
3555	7660
2224	2555
2223	8597
3554	8914
3553	3599
2222	331
4884	8570
4885	3389
4886	697
4887	2387
4889	1290
2243	110
2242	6071
2241	9019
2240	11412
3571	8531
2239	505
3569	8646
2238	401
3568	11192
2237	11918
3567	8493
2236	7762
2235	848
3566	1421
2234	6377
3565	1421
2233	7030
3564	1849
4896	1763
4897	890
4898	3073
4899	10428
2254	2986
3585	1387
2253	8052
3584	836
2252	9998
3583	2267
2251	9938
3582	835
3581	835
2250	1101
3580	9914
2249	7462
3579	1031
3578	880
2247	532
2246	8935
3577	923
3576	8018
2244	1085
3596	582
2265	568
2264	10204
3595	1802
3594	1114
3593	6413
2262	560
3592	65
2261	560
3591	4898
2260	560
3590	100
2259	440
2258	10279
3589	2848
2257	10451
2256	11442
3587	9900
3586	10781
2255	5655
2276	10487
2274	6933
2273	9322
2272	7913
2270	543
2269	918
3599	582
2268	543
3598	2964
2267	543
3597	7262
2266	434
2287	3078
2286	3775
2285	9506
2283	1655
2282	3128
2281	7472
2280	31
2278	2789
2277	7978
2290	10439
2298	7313
2297	11549
2296	1539
2295	1249
2294	8110
2293	987
2292	568
2291	568
2289	9666
2288	1254
2299	9361
100	690
101	2336
102	2515
103	8909
104	4808
105	5852
106	3332
107	292
108	897
109	10022
110	7556
111	4047
112	200
113	9244
114	200
115	504
116	477
117	200
118	200
119	200
120	4298
121	1477
122	10832
123	200
124	232
125	5163
126	6905
127	10507
128	8537
129	1093
7101	8060
7100	3851
7103	517
7104	4188
130	6287
132	8080
133	1720
134	164
135	3975
136	9341
137	123
138	5841
139	4747
7110	6981
7112	668
7111	668
7114	668
7113	3401
7116	8038
7115	9631
140	4085
141	123
142	4157
143	8884
144	4423
145	5857
146	474
147	9340
149	391
7107	522
7106	1802
7109	975
7108	8795
7121	2815
7120	7855
7123	361
7122	361
7125	2301
7124	2301
7127	2574
7126	2814
150	8022
151	7641
152	6710
153	4533
154	8348
155	9090
156	945
157	7402
158	1117
159	108
7118	458
7117	3769
7119	8791
7132	4974
7131	8946
7134	2583
7133	2301
7136	2519
7135	2301
7138	2453
7137	2301
160	108
161	5268
162	568
163	6042
7130	2738
164	2408
165	414
166	9880
167	2740
168	6479
169	882
7129	3665
7128	2664
7143	8503
7142	1379
7145	466
7144	8692
7146	4869
7149	3443
171	8970
172	9804
173	11158
174	95
7140	2301
175	3767
176	5112
177	3420
178	8884
179	3521
7139	2825
7154	1381
7153	3661
7156	1381
7155	1381
7158	1381
7157	1381
7159	1381
180	8084
181	1604
182	9722
183	5403
7150	2642
185	2889
7151	935
187	6581
188	3453
189	979
7165	1726
7164	2455
7167	502
7166	502
7168	8996
190	1071
191	3096
192	7104
193	5152
194	2772
7161	3188
7160	1381
195	979
196	979
7163	171
7162	5713
197	3265
198	979
199	4552
7176	1874
7175	1210
7178	1324
7177	918
7179	1210
7170	858
7172	833
7171	4165
7174	918
7173	1082
7187	1554
7186	7511
7189	2243
7188	3758
7181	2528
7180	3016
7183	3361
7185	7943
7184	1727
4903	3587
4904	3587
4905	2301
4906	3588
4908	2301
4909	2569
4900	562
4901	886
7198	2870
7197	876
7199	1987
7192	1141
7193	1141
4914	3587
4915	3347
4916	2301
4917	2301
4918	2301
4919	2301
4910	2686
4911	2301
4912	3587
4913	2301
4925	2781
4926	3244
4927	1778
4929	9607
4920	2374
4921	2301
4922	3587
4923	2831
4924	4854
4936	1934
3604	990
4937	4797
3603	6496
4938	9359
3602	4107
3601	8116
3600	5986
3609	7960
4931	489
4932	2189
3607	10317
4933	2919
4934	6343
3606	1157
4935	1691
3605	1157
3615	11025
4947	3519
3614	11131
4948	9638
3613	151
3611	5819
3610	2026
4940	8273
4942	5345
4943	6351
3619	823
4944	8752
3618	823
4945	969
3617	952
3616	6769
4946	4021
4960	3732
3625	1544
3624	8705
3623	1372
3622	5977
3621	738
3620	738
4950	246
4951	246
4952	1496
4953	9547
4954	6648
3629	5972
3628	164
4957	511
