3640	3
3638	3
4969	1
2306	1
2305	1
2302	2
2301	1
2300	1
3630	3
4963	2
3632	3
4964	1
4965	1
3634	2
2309	1
4966	1
3636	4
4967	1
2307	1
4980	1
3651	3
2320	1
2317	1
2316	3
2315	1
3	3
2314	1
2313	1
4	2
5	2
6	1
2311	1
2310	3
7	4
8	6
4972	3
3641	2
9	4
4974	2
3643	2
4975	3
4976	1
4977	3
3646	2
2319	2
4978	2
3647	1
4979	1
3648	3
2318	2
4991	1
4992	2
3662	2
4993	1
2331	1
1000	2
2330	2
2328	1
2326	2
2325	2
2324	1
2322	2
2321	2
4983	1
3652	2
3653	2
4985	3
4986	1
3655	1
4987	2
3656	3
4988	1
4989	2
3658	1
2329	1
3670	2
3671	2
3673	4
1011	2
2341	2
2340	2
1008	2
2339	1
1007	3
1006	1
2336	4
1005	1
1004	2
2335	1
2334	1
1003	2
2333	3
1002	1
1001	1
3664	2
4995	1
3665	2
3666	2
3667	2
4999	2
3668	2
3680	1
3681	2
3682	2
3683	3
3684	1
2353	2
1022	2
1021	1
2352	3
2351	2
1020	2
2350	3
6707	3
1018	1
1016	1
6709	1
2346	5
1014	1
1013	3
2344	2
1012	1
3674	3
6700	1
3675	3
6702	2
3676	2
6701	3
3677	1
3678	4
3679	1
6706	2
6705	1
3690	1
3691	3
3693	4
3694	3
6720	1
3695	2
1033	2
2364	1
2363	1
2362	2
1031	1
2361	2
2360	2
6719	4
6718	2
1028	2
2359	1
2357	5
1026	1
1025	1
2355	1
1023	3
2354	2
6711	4
3685	1
3686	3
6710	1
3687	1
6712	3
6715	2
6717	1
6731	3
6730	3
5400	2
1044	1
2375	1
1043	1
2374	3
1042	3
2373	1
2372	2
1040	1
2371	1
2370	1
1039	2
1038	2
2369	2
1037	1
2367	2
1035	5
2366	2
2365	2
1034	1
3696	1
6721	2
6724	2
3698	1
6726	2
6725	1
6728	2
5410	3
2386	2
2384	4
1053	1
1052	3
2382	1
1051	2
1050	1
2381	3
2380	1
1049	3
2379	1
2378	1
1046	1
1045	1
6732	1
6735	3
6734	4
5404	1
5405	2
6737	1
6736	1
6738	1
6751	3
6753	4
6752	2
5422	2
1066	3
2397	2
2396	1
1065	1
2395	1
1064	1
2394	1
2393	2
1062	2
2392	1
2391	1
2390	1
1059	1
2389	5
1058	1
2388	1
2387	1
5412	2
6744	1
5413	3
6746	1
5414	2
6747	2
5417	1
5419	3
6749	4
6760	1
6762	1
4100	6
1077	1
1074	2
1072	2
2399	2
1068	1
1067	1
5423	2
5424	4
6757	3
5426	2
5427	3
6759	1
6758	3
5429	2
6771	2
6770	2
5440	1
4110	2
6772	3
6774	2
1088	1
1087	2
1086	2
1085	1
1083	3
1082	1
1081	1
1078	2
6766	2
4103	1
5434	1
6765	1
5435	2
4104	1
5436	3
6768	1
4105	1
4106	4
6767	1
5437	1
5438	2
5439	1
4108	1
4109	2
6780	2
6781	2
6784	2
5452	2
4121	1
6783	2
4123	1
5454	1
4124	4
5455	1
1097	3
1096	3
1095	1
1089	1
5445	2
6777	2
5446	2
6776	1
6779	1
5447	1
4116	2
4117	1
5448	3
6791	3
5460	2
6790	2
5461	2
6793	1
5462	1
6795	1
5463	3
4132	3
5465	1
6797	2
4135	3
5466	4
6788	1
5456	2
4125	3
6789	2
4128	2
5459	2
4129	3
5470	1
4140	1
5471	4
4141	1
5472	1
4142	3
5473	1
5474	2
4144	3
5475	1
4145	2
5477	2
4146	1
201	1
202	2
203	2
204	2
205	1
5467	2
206	1
6798	1
4137	1
207	1
4138	3
5469	3
208	1
4139	3
5481	3
4150	2
4151	1
5483	1
4152	1
5485	2
4155	2
5487	2
5488	2
210	2
211	1
212	2
213	1
214	1
215	1
217	2
5478	2
4147	1
5479	1
218	1
4149	3
219	2
4162	2
4163	1
4164	1
5496	1
5497	3
4167	1
4168	3
5499	3
224	1
225	2
226	2
228	3
4173	2
4174	1
4175	4
4176	2
7201	2
7204	1
4178	3
7203	2
4170	3
230	1
4171	1
231	3
232	1
233	1
234	2
236	2
237	3
4169	2
239	1
4183	1
4184	1
7211	2
4185	1
4186	2
4187	2
7212	1
4188	2
7215	4
4189	4
1909	1
7214	5
240	3
4181	1
241	1
242	2
243	1
245	1
246	4
247	1
248	4
1907	2
7206	3
7205	1
1906	1
1905	2
1903	2
1902	2
1901	1
1900	3
4194	2
7222	3
4199	2
7226	1
7225	1
4190	1
4191	2
251	1
4192	1
252	1
253	2
254	3
255	1
256	1
257	2
258	1
259	3
1918	1
7217	3
1917	2
7219	3
1916	2
1915	2
1912	4
7231	2
7233	3
7235	2
7237	1
260	2
261	2
1921	4
266	3
267	2
268	2
269	3
1929	3
7228	2
1928	1
1927	1
7229	2
1925	3
1924	1
1922	2
7241	1
7243	5
7245	3
270	2
273	2
7240	2
274	2
275	1
1932	2
276	1
1931	1
1930	3
277	1
7239	1
7238	2
1939	1
1937	1
1935	1
1934	2
1933	2
7253	2
7252	1
7254	1
7257	2
280	2
282	1
283	2
7251	3
284	5
285	2
7250	2
286	3
1941	2
288	2
1940	2
1947	2
1946	3
1945	1
1944	2
7266	1
7265	3
7267	1
290	3
292	1
293	1
294	1
295	1
7262	1
296	2
297	1
1953	2
298	2
299	4
1951	1
1950	1
1956	2
1955	3
7277	1
7279	3
7278	1
7271	3
7270	2
1965	2
1964	2
1963	3
1962	2
1961	1
1960	1
1969	2
1966	1
7287	1
7289	2
7280	1
7282	1
7281	1
1976	2
1975	3
1973	2
1971	1
1970	1
1979	5
1978	2
1977	2
7297	2
7296	2
7299	1
7298	2
1990	2
7291	1
7290	1
7293	2
7292	1
7294	3
1987	1
1986	2
1985	2
1984	3
1983	2
1982	1
1981	2
1980	2
1989	1
1988	2
1997	1
1996	1
1995	2
1994	2
1993	1
3704	3
3705	4
3707	1
3708	3
3709	1
3700	4
3701	1
3715	1
3717	2
3718	2
3719	1
3711	3
3712	1
3713	2
3714	3
3728	3
3729	4
3722	1
3724	4
2405	3
3737	1
2402	2
2400	1
3730	1
3731	1
2409	2
3735	3
2406	2
2416	4
3748	1
2414	4
2413	4
2412	1
2411	2
2410	3
3743	2
3744	1
2419	2
3746	1
2417	2
3760	3
3761	3
3759	1
2426	2
2425	4
2424	2
2423	2
2422	1
2420	1
3751	2
3752	6
3753	2
3754	4
3755	1
2429	3
3757	1
2428	1
3771	1
3772	1
1110	1
2441	3
2440	1
2438	1
1107	1
1106	1
1105	1
1104	3
2435	1
1103	5
2434	2
1102	3
1100	1
3762	1
3764	1
3765	3
3767	1
1109	1
2439	3
1108	1
3781	1
3782	2
3783	1
2452	2
2451	1
1120	2
6807	2
6806	3
2448	1
2447	1
6808	2
2446	1
2445	1
2444	3
1113	2
2443	1
1112	2
2442	4
1111	1
3774	3
3775	1
3776	1
6800	2
3777	1
6803	1
6802	1
3779	3
6804	3
3791	3
2463	1
1132	1
1131	1
1130	1
2460	3
1129	3
1128	1
2459	1
1127	3
6819	5
2457	3
2456	2
1125	3
2454	4
1123	2
2453	1
6810	1
3785	1
6812	1
3786	1
3787	2
3788	2
6813	3
6816	1
6815	2
1143	1
2474	1
1142	1
2473	2
1141	1
2472	2
2471	3
1140	2
6829	4
6828	2
1138	5
1137	1
2466	1
2465	2
1134	1
1133	4
3796	2
3797	2
6822	1
3798	1
3799	1
6824	4
6826	3
5510	2
1154	2
2485	2
2484	1
1152	2
2481	1
2480	2
5508	5
5509	3
2479	2
1148	2
2478	2
1147	5
2477	2
1146	1
2476	2
1145	1
1144	4
2475	2
5500	2
6832	2
5501	1
6834	1
6833	1
5504	1
6836	1
6835	2
5505	1
5506	2
5507	2
6837	1
6850	1
5520	2
5521	1
1165	3
2495	1
2494	2
2492	2
1161	2
1160	1
2490	2
2489	1
2488	1
2487	1
1155	2
5511	1
6843	1
5512	3
6842	1
6845	3
5514	1
6844	2
6846	2
5516	1
6848	1
5518	2
6861	1
5530	4
6863	1
4200	2
5531	3
6862	2
4201	2
5532	1
1175	1
1174	1
1173	1
1172	1
1171	1
1170	1
1169	1
2499	2
1168	2
2498	2
1167	4
2497	1
1166	1
6854	3
5523	3
5524	1
6855	5
6858	3
5527	1
6859	2
6870	3
5541	2
4210	3
4211	1
5542	4
4212	2
5543	1
6873	1
1186	3
1185	2
1184	1
1183	2
1182	1
1177	3
4202	3
5533	3
6864	3
5534	1
6867	1
4204	2
5535	1
5536	2
4205	3
6866	1
4206	3
5537	1
6869	1
4209	1
1190	3
6881	1
5550	3
6880	1
4220	3
6883	2
4221	3
5552	1
4222	2
6885	3
4223	4
6884	2
1198	1
1197	6
1196	1
1195	3
1194	2
1193	2
1192	3
1191	4
1189	1
1188	3
4213	1
5544	1
6876	1
5545	1
4214	1
6875	1
6878	2
6877	2
5549	2
4218	1
6890	5
6892	1
5561	3
5562	1
4231	1
4232	2
5563	1
4233	3
6896	1
5565	3
6895	2
4234	2
1199	2
4224	1
5555	1
6886	1
5558	3
5570	1
4240	3
4241	2
5572	3
4242	1
4243	2
300	2
302	1
304	1
4235	2
5566	1
5567	1
6897	2
306	2
4237	1
5568	4
307	1
5569	2
4238	1
6899	1
308	1
309	3
5580	4
5581	1
4250	3
5582	2
4252	2
5583	1
4254	4
4255	1
310	1
314	1
315	3
4246	4
316	1
317	2
5578	1
4247	2
4248	2
318	2
5579	3
4249	2
319	1
4260	2
5591	4
4261	2
5592	1
5594	3
4263	3
5595	3
4265	1
4266	1
4267	2
5590	4
321	6
322	1
323	2
324	1
325	2
326	1
4257	2
5588	2
328	2
5589	2
329	2
4259	1
4272	2
4273	2
4274	4
7301	1
4275	2
4276	1
7300	2
4277	1
7302	1
4278	1
330	1
331	1
333	2
334	1
336	2
338	2
5599	1
339	4
4282	1
4283	2
7310	2
4284	1
4289	2
4280	1
340	3
341	1
342	1
343	1
346	1
347	1
348	2
7305	1
4279	2
349	1
4295	3
7321	1
7320	1
4296	2
7323	3
4297	2
4298	2
4290	1
350	4
4291	3
351	2
352	1
353	4
358	2
359	2
7316	4
7315	2
7318	1
7317	1
7319	1
11	4
12	1
6001	1
14	1
15	2
6003	1
6002	5
16	1
7333	2
6005	1
7336	3
6004	2
7335	2
18	1
363	1
364	2
365	3
366	1
367	3
368	1
369	4
7327	1
7326	4
21	1
7341	2
22	1
6010	1
7343	5
24	3
25	2
26	1
6014	3
7345	1
27	3
6013	1
28	1
6016	2
7347	1
29	3
6015	1
370	1
371	2
372	4
373	3
376	1
377	1
378	1
379	2
6007	2
7337	3
6009	2
30	1
31	5
32	1
33	4
7352	1
6020	5
7351	2
34	5
6023	2
7354	2
7353	1
7355	3
6024	3
39	3
6027	3
6026	3
7357	3
381	1
382	3
7350	2
383	1
384	1
386	2
387	2
388	2
389	3
6018	2
7349	1
7348	3
6017	1
6019	2
40	1
41	2
43	1
44	3
6032	2
7362	3
45	2
6031	2
6034	1
7365	1
6033	3
47	1
6036	2
48	3
6035	1
6038	2
6037	1
390	1
391	1
394	4
395	3
7360	1
396	1
397	1
398	2
6029	1
6028	3
7359	4
50	2
51	1
52	2
54	2
6043	2
7373	2
56	2
6045	4
57	3
6044	2
6047	2
7378	1
6046	1
7377	3
6049	3
7379	2
6048	1
7372	3
6041	1
6039	2
60	3
62	3
63	2
64	2
65	1
6056	2
7389	1
6057	1
6050	3
7381	1
7380	2
7382	1
71	1
72	1
73	3
74	1
75	2
76	1
77	4
6064	1
79	5
6067	2
7397	1
6066	2
6069	1
7392	1
7391	4
6060	2
6063	1
6062	2
7393	1
80	1
82	3
83	1
87	1
88	1
6075	2
6078	2
6077	2
6079	4
6072	2
6071	1
6074	1
6073	4
90	1
91	2
92	3
94	2
95	2
98	1
99	1
6088	1
6081	1
6080	2
6083	1
3803	3
3804	2
3805	1
3807	3
3808	1
3809	2
3802	2
6098	1
6097	1
6092	1
6091	2
6094	1
6093	1
6096	1
3815	3
3816	3
3810	2
3811	3
3812	2
3813	4
3825	1
3827	1
3829	4
3821	1
3822	2
3824	1
2504	4
3837	3
2503	1
2502	1
3839	4
2500	1
3830	3
2509	4
3833	2
2506	1
2505	3
3835	3
3847	4
2515	1
3848	2
2514	1
2513	2
2512	1
2511	1
2510	1
3840	1
3841	4
3842	4
3843	4
2519	1
2518	1
2517	1
3845	1
2516	2
3858	2
2526	1
2524	3
2523	1
2521	2
2520	2
3850	2
3851	3
3854	1
2529	4
3856	2
2528	1
2527	1
3870	2
2540	3
2537	2
1206	2
3869	1
1205	3
2536	1
2535	1
2534	1
1203	1
1202	2
1201	1
1200	2
2531	2
2530	2
3863	3
3864	2
3865	2
1209	1
1208	2
1207	1
2538	4
2551	1
2550	1
2548	2
6906	4
6905	2
1216	1
2547	2
2546	2
1215	1
2545	2
1214	1
6907	1
1213	3
2544	2
2543	3
6909	1
1212	1
1211	2
2541	1
1210	1
3873	2
3875	1
6902	2
3876	1
6901	1
3878	1
6904	2
1219	1
1218	3
2549	2
3891	2
3892	1
3893	3
2562	1
1231	2
2561	1
1230	1
2560	4
2559	2
1228	1
1227	1
1226	2
2557	1
6918	1
1225	2
2556	1
1224	1
1223	2
1221	2
2552	2
3883	4
6911	1
6910	1
3886	1
6913	3
3887	1
3888	3
6912	1
3889	2
1229	3
6914	3
1242	2
2573	3
2572	1
1240	1
2571	2
2570	1
1239	1
2569	2
1238	1
6927	1
1237	2
6929	4
2567	2
1236	1
2566	1
1235	2
1234	2
2565	2
2564	1
2563	2
1232	1
3894	1
3895	1
6922	2
3896	1
6921	2
3897	1
3898	1
6923	2
2584	1
2583	2
2582	2
2581	1
1250	1
5607	1
5608	3
6938	2
5609	2
1248	2
2578	1
1247	2
1246	2
1245	2
2576	1
1244	1
2575	4
2574	1
1243	1
5600	1
6930	3
6933	4
5601	2
5602	1
6935	3
5603	3
6934	3
5604	1
5605	1
6936	2
6951	4
5620	1
2595	1
1264	1
2594	1
1262	1
2593	3
2592	1
1261	1
2591	2
6949	2
1259	2
2589	1
1258	1
2587	4
1256	1
1255	1
2586	3
2585	1
1254	1
6942	2
5610	1
5611	1
6941	1
6943	2
5613	1
5614	3
6945	1
5615	2
6948	1
5616	1
5617	2
6947	3
6960	1
6962	1
6961	2
5631	3
1275	1
1274	2
1273	2
1270	1
5629	2
1268	1
2599	1
1267	3
2598	2
2597	2
6953	4
6955	1
6954	1
5625	3
5626	1
6959	2
5627	2
5628	3
6958	1
6971	1
5640	1
4310	4
6972	1
4311	2
1286	2
1285	1
1284	1
1282	2
1281	2
1280	4
1279	4
1278	2
1277	1
1276	2
5633	2
6963	2
4303	3
5635	2
6965	2
6968	3
5636	3
4306	4
5637	2
4307	1
4308	1
6969	1
5650	3
6982	1
5651	3
6981	1
4320	1
4321	1
5652	2
6984	1
4322	3
6983	1
1297	1
1295	2
1294	3
1293	1
1292	2
1291	1
1287	3
4312	1
6975	3
6974	1
5644	1
4313	1
4314	1
5645	2
4316	1
5648	2
4317	2
4318	2
5649	1
4319	3
6990	2
5661	2
4331	1
5662	2
4332	1
5663	3
5664	2
6994	2
3002	2
3000	1
1299	2
1298	2
6986	2
4324	2
5655	2
5656	2
4325	2
6987	1
4327	2
4328	4
4329	3
4340	1
4341	2
5673	2
5675	3
4344	1
3013	3
3012	1
3011	1
3009	1
3008	1
3006	2
400	3
401	4
3005	2
402	2
3004	1
3003	6
403	1
404	2
5665	1
6997	1
4335	2
6996	4
5666	1
5667	5
4336	3
406	2
6999	1
4337	4
6998	1
407	1
5668	2
4338	3
408	2
4351	4
5682	1
5683	1
4352	2
4353	1
5684	3
5685	1
4355	1
3024	2
3023	1
3022	3
3021	1
3019	3
410	2
3018	3
3017	1
3016	2
412	1
3015	2
413	3
3014	2
4345	3
5676	3
415	1
416	1
4346	1
4347	2
417	1
4348	1
419	1
4349	1
5690	1
5691	1
4360	1
4361	2
5693	1
4362	2
4363	4
5694	1
5695	1
4364	3
4365	2
4366	1
3035	1
3032	2
3031	3
421	1
422	2
3028	1
423	1
3027	1
3026	2
425	3
427	2
5688	1
5689	2
4358	2
428	1
429	1
4370	1
4371	2
4372	3
4373	2
7400	3
4375	1
4377	1
3044	1
3043	2
3042	2
3041	2
3040	1
430	1
431	1
432	1
433	2
3039	3
434	1
3038	1
435	2
3036	3
437	2
5698	3
438	1
439	2
4369	1
4381	4
4382	2
4383	2
4384	2
4386	2
7413	2
3057	2
3056	3
3055	2
3054	2
3053	1
3052	4
3051	1
3050	1
4380	1
441	1
443	1
444	4
445	2
3049	2
446	2
3048	3
447	3
3047	1
7404	1
4379	1
449	2
7403	2
7405	3
7407	4
3060	3
4394	1
7420	1
7422	3
4396	3
4397	1
4398	4
7424	2
4399	4
3066	2
3063	1
3062	3
3061	1
451	2
453	1
454	2
455	2
456	3
457	3
458	2
7415	1
4389	1
7414	1
7417	2
7416	3
7419	1
3071	2
3070	4
6100	1
7430	1
6101	1
7434	1
3076	1
3075	2
3074	3
460	2
3073	1
461	1
463	3
465	3
467	2
469	2
7426	1
7425	5
7428	1
7427	1
7429	4
3082	2
7440	3
3081	1
3080	3
6111	3
7441	4
7444	2
6113	1
6112	1
7446	3
7445	1
3089	3
3088	1
3087	1
3086	1
3085	3
3084	3
472	1
476	2
477	1
479	1
6106	1
7436	1
6105	1
6108	1
6109	1
6120	3
7451	2
3093	1
6121	3
3090	1
7455	4
6124	1
7454	2
6123	1
7457	1
6126	1
7456	2
3098	1
480	2
481	3
3096	1
3095	2
3094	2
489	1
6116	2
7447	1
6119	2
6118	1
7462	1
6130	3
6133	1
6132	2
6135	1
7465	3
6134	2
7468	2
7467	3
490	1
493	1
494	1
495	2
497	3
498	3
499	4
7459	4
6128	2
6127	1
7458	2
6129	3
7473	1
6141	2
6143	2
7474	1
6146	2
7477	1
7476	2
6145	1
6148	1
7478	2
6147	1
7471	4
6139	5
7469	2
6153	2
7483	2
6152	2
7486	1
6155	3
7485	2
6157	1
6156	1
6158	2
7482	2
6150	3
7481	1
7495	3
6164	3
7494	1
6166	3
7497	4
6165	3
6168	2
7498	2
6169	1
7491	2
7493	4
6162	1
7492	2
6161	1
6175	2
6174	1
6177	3
6176	2
6178	2
6170	2
6186	2
6185	2
6188	2
6187	1
6182	4
6183	1
3902	4
3903	2
3904	1
3906	1
3907	1
3908	1
3909	1
3901	3
6197	2
6196	2
6191	1
6190	4
6193	1
6192	2
3914	2
3916	2
3917	1
3919	1
3910	1
3912	1
3924	1
3927	1
3929	4
3920	3
3921	2
3922	1
3923	1
3936	2
3937	1
3939	3
2609	1
3930	2
2608	1
2607	1
2606	3
3932	3
2605	2
3933	3
2604	2
2614	3
2613	5
3947	1
2612	1
3948	2
3949	1
2611	1
2610	3
2619	1
2618	3
3942	2
2617	2
3943	1
3944	3
2616	1
2615	4
3945	3
2625	2
2624	4
3958	3
3959	1
2623	1
2621	4
3952	1
3953	1
2629	1
2628	3
2626	1
3970	4
3968	1
1305	1
2636	1
3969	2
1304	2
1303	1
2633	1
1302	2
1301	1
2632	1
2631	1
1300	2
2630	3
3960	1
3963	1
1309	2
2639	1
3965	1
1307	3
2637	1
1306	1
3980	1
3981	1
1316	1
2646	2
1315	3
2644	1
1312	3
2642	1
1311	2
1310	2
2640	2
3971	1
3974	1
3976	1
3977	1
2649	3
1318	5
2648	5
3978	4
1317	2
3990	2
3991	2
2661	4
2658	1
1327	2
1326	2
2656	3
1324	2
2655	1
2654	1
1323	1
1322	1
2653	1
1321	1
2652	1
1320	1
3982	1
3983	1
3985	1
3987	3
1329	1
2659	4
3989	1
1341	1
1340	4
2671	2
2669	1
1338	2
2668	3
1337	3
2667	6
1336	1
1335	2
1334	2
2664	2
2663	2
1332	1
1331	2
3995	2
3997	1
3998	1
3999	1
1339	3
1352	1
2682	3
1351	1
1350	3
5706	1
1349	1
5707	1
2679	1
2678	1
5708	3
1346	3
2677	1
2676	5
1345	1
1344	1
2675	1
2674	1
2673	1
5702	2
5703	2
2694	3
1362	1
2693	1
1361	2
1360	1
2691	2
2690	2
1359	3
5718	1
2689	2
2688	3
1357	2
2687	2
1356	1
2686	1
1354	1
2684	1
1353	3
5710	2
5711	1
5712	3
5713	1
5714	1
5730	3
1374	1
1373	1
1372	3
1370	3
5729	1
1369	2
1368	2
1367	1
2698	1
2697	2
1366	3
2696	2
1365	1
2695	1
5720	2
5721	1
5722	3
5726	3
5741	1
1385	4
1382	4
4408	2
5739	2
4409	3
1379	4
1377	1
1376	1
1375	1
4400	4
5731	2
5732	1
4401	1
4402	3
5733	1
4403	3
5735	1
4406	2
4407	1
5750	4
5752	2
1396	2
1395	2
1392	2
1390	2
1389	1
1388	2
1387	1
1386	1
4411	1
4413	1
5744	1
4414	3
5745	2
4415	1
5746	1
5747	5
5748	3
4417	1
4418	3
5761	1
4431	3
5763	2
4432	1
3101	1
1399	1
1397	2
5753	3
4422	1
5754	1
4423	1
4424	2
5756	3
4425	4
4426	2
5757	1
4427	2
5770	5
5771	4
4440	2
5772	2
4441	1
4443	3
3112	1
3110	1
3109	1
3108	2
3107	3
3106	1
3105	1
3103	1
3102	1
5764	4
4433	1
4434	2
504	1
5765	1
5766	1
4436	2
5767	1
5768	4
4437	1
4438	2
4439	4
509	1
5780	1
5781	1
4450	4
5782	2
5783	2
4453	1
5784	1
4454	1
5785	3
3123	2
3120	2
3119	1
3118	3
3117	2
511	4
3114	1
3113	3
5775	2
4444	4
4446	1
516	2
517	4
5778	4
519	1
5790	1
5792	2
4462	2
5793	2
4464	1
5796	3
3134	1
3133	2
3131	1
3130	2
3129	3
520	2
3127	3
3126	2
3125	2
523	1
5786	1
4456	3
5787	1
527	3
5788	1
5789	2
528	1
4459	2
4470	1
4473	1
4474	1
4475	1
7501	2
4476	1
3144	3
3143	1
3142	2
3140	1
530	3
531	1
532	1
3137	3
534	3
3136	1
3135	2
536	1
4466	1
4467	3
5798	3
5799	4
4468	1
538	1
4469	2
539	1
4480	2
4481	2
4482	2
4483	2
4485	1
7511	2
3156	3
3155	1
3154	1
3153	1
3151	3
3150	1
541	2
543	1
3149	1
3148	1
544	2
3147	1
545	1
3146	3
547	1
4477	1
548	2
7502	1
4478	1
549	3
4479	1
7505	1
7506	1
7509	2
7508	1
4491	2
4493	2
4494	1
4495	2
4497	3
7523	6
7522	2
3167	3
3166	1
3165	1
3163	1
3162	2
3160	4
4490	3
550	2
552	1
553	4
555	3
3158	2
556	2
557	2
7514	2
558	1
4489	3
7513	1
7518	2
6201	2
7531	1
6200	1
7534	2
6203	2
6202	2
7533	2
3175	1
3173	2
3172	2
3171	2
560	1
563	2
564	1
565	1
566	3
3169	1
3168	1
568	2
569	3
7525	2
7524	1
7527	4
7529	2
7528	3
3181	2
3180	4
6214	1
6213	2
3189	2
3187	1
3186	1
3185	4
3184	1
570	1
3182	3
571	3
573	2
574	2
575	1
576	2
577	3
578	1
7536	2
6205	2
7535	2
6207	1
7538	1
7537	1
6208	3
7550	4
3191	2
6221	3
6220	2
6223	3
6222	2
7553	2
6225	3
6224	3
3199	1
3197	2
3196	2
3195	5
581	2
582	1
583	1
584	2
585	1
587	5
588	2
589	3
6216	2
7546	1
6215	1
6218	1
6217	1
6219	1
6230	6
7563	1
7565	2
7564	2
591	3
592	1
593	2
594	1
595	1
596	2
598	2
6227	3
7557	3
6229	1
6228	1
6241	5
7571	1
6240	1
6243	3
6242	1
7576	2
7578	1
6247	2
6246	1
7577	1
7569	1
6252	1
6251	2
7585	1
6254	3
6253	1
6255	2
7586	1
6258	1
7588	1
7581	1
7579	1
7593	1
6262	1
6265	1
7595	3
6264	4
6266	5
7597	2
6269	1
7599	4
7590	2
6259	3
6274	1
6278	1
6279	1
6270	1
6272	1
6271	1
6287	2
6286	2
6288	1
6281	2
6282	1
6296	3
6295	2
6298	1
6297	1
6292	3
6291	1
6294	2
6293	1
8002	1
8000	3
8001	1
8006	3
8007	1
8005	1
8011	1
8012	2
8015	1
8010	2
2702	1
2709	4
8009	3
2704	1
8024	2
8025	2
8023	2
8027	2
8020	3
8021	2
2713	1
2711	2
2719	1
2718	1
2717	2
8035	3
8036	1
8033	2
8038	1
2724	1
2723	3
2722	2
2720	2
2729	1
2727	1
8046	1
8047	3
8048	4
8049	1
8040	1
8041	2
1404	2
1403	1
2734	1
2733	3
2731	2
2730	2
1409	1
2739	1
2738	1
1406	3
2737	1
1405	5
2736	1
8057	2
8058	1
8055	4
8056	1
8053	3
8054	1
8051	4
8052	2
2746	1
1413	1
1412	2
1411	1
2741	3
1410	1
2740	1
1418	1
2748	2
1416	2
2747	2
8068	1
8069	1
8066	2
2760	2
8061	1
8064	1
8062	1
8063	1
1426	1
2757	2
1425	2
2755	1
2754	4
1423	1
1422	2
2753	2
2752	5
2751	4
1420	1
1429	3
1428	1
1427	4
2758	1
8079	2
8077	1
1440	2
2770	2
8072	1
8075	1
8076	2
8073	1
8074	1
2768	1
1437	1
1436	2
2766	2
1435	2
1433	2
2763	1
1432	2
2762	2
1431	2
1430	1
1438	1
8089	2
2782	4
1451	1
1450	3
2781	2
8083	2
8080	2
8081	1
8086	1
8087	2
8084	2
8085	2
2779	1
5805	1
1448	1
1447	2
2778	2
5806	2
5807	1
1445	3
5808	1
2776	2
1444	2
2775	1
5809	1
2773	1
2772	3
1441	2
5802	1
5803	3
1449	3
5804	1
8099	2
8093	3
2793	1
1461	2
8094	3
2791	1
8091	2
2790	2
8098	2
8095	1
8096	1
2789	4
2788	2
1457	1
5818	2
1456	1
2787	1
1455	2
2785	8
8090	1
2784	2
1453	1
1452	3
2783	2
5812	2
5813	4
5814	1
1473	1
1471	2
1470	2
5827	1
1469	2
5828	1
5829	1
2798	1
2797	1
2796	2
1465	1
2794	1
1463	1
5820	2
5821	3
5823	1
5824	1
5840	2
1484	2
1483	1
1480	2
5838	2
5839	2
4508	3
4509	2
1478	1
1476	1
1474	1
5832	3
5833	2
4503	1
4504	1
5836	2
5837	1
5850	3
1495	1
1494	2
1493	1
1492	2
1490	2
1488	2
1487	2
1485	2
4510	1
5842	2
4511	2
5846	1
4516	3
5848	2
5860	2
4530	1
4531	1
3200	1
4529	2
1497	1
1496	1
5852	3
5854	1
4523	1
5855	3
4526	1
5857	1
4527	2
4528	1
5859	2
4540	2
5871	3
4541	1
5872	2
5873	2
4542	1
3208	4
3207	2
3204	1
3202	1
600	1
601	3
3201	3
602	2
5863	1
5864	2
4533	2
4534	1
604	4
605	4
5866	2
606	1
4536	3
5868	3
607	1
608	1
609	1
3209	2
4539	2
5882	1
4551	1
4552	1
5884	2
3220	1
3219	4
3218	1
3215	2
3213	3
611	3
612	2
613	2
5874	2
4543	2
4544	2
614	2
5876	2
4545	1
615	1
5877	3
616	1
5878	1
618	2
5890	1
5891	2
5892	1
4562	1
4563	2
4564	1
5895	2
3233	1
3231	3
3230	2
3229	2
3228	4
3227	1
3226	1
620	1
3225	3
621	3
622	1
3224	2
3223	2
5885	1
4554	3
624	2
4555	1
5886	3
625	1
5887	2
4556	1
4557	1
627	2
5889	1
628	1
7600	3
4574	1
4575	2
3244	3
3243	1
3242	1
3240	1
3239	1
3238	4
3237	2
632	4
633	1
635	2
4565	1
5897	1
4566	1
637	1
4567	2
5899	4
638	2
4569	3
4580	1
4581	1
4582	1
4583	1
4584	1
7611	1
7610	1
3253	1
3250	1
7609	1
3248	1
642	1
643	3
3247	1
644	1
3246	4
645	2
4576	2
7601	1
647	3
4577	2
4578	1
648	2
649	1
7605	2
4591	3
4592	2
4593	3
7620	2
4594	3
4595	1
4597	3
3265	2
3263	3
3262	1
3261	2
3260	1
650	1
651	4
652	1
3259	1
653	1
654	2
3258	2
655	2
3257	1
656	1
3256	2
657	2
4587	1
4588	2
659	2
7615	1
7614	1
7617	1
7616	2
7619	1
7618	2
7630	1
6302	2
7632	3
3277	3
3273	1
3272	1
3271	1
3270	4
661	1
662	1
663	4
664	1
3269	3
665	2
3268	1
3267	1
667	2
668	3
7624	1
4598	2
669	3
4599	2
7626	5
7625	2
7629	1
3280	1
7642	2
7644	2
6312	1
3288	2
3285	2
3284	3
3282	1
670	1
672	3
675	1
676	1
3279	1
678	1
3278	2
679	2
6304	2
7634	2
6306	2
7637	2
7636	1
7639	1
7638	2
3291	1
3290	4
6320	2
7650	1
7653	1
6321	2
7652	1
6324	2
6323	4
3299	3
3298	3
3297	1
3296	5
3294	2
3293	3
681	1
3292	1
682	2
684	3
686	4
688	1
689	2
6315	2
6314	1
7645	2
6317	2
7648	1
6316	3
7649	1
7660	2
7662	1
6331	1
5000	4
6333	1
7664	1
5001	1
6332	1
5002	2
7663	1
5003	2
6334	1
7665	1
690	1
691	2
696	2
697	4
698	1
699	3
6325	3
6328	1
7659	1
6327	1
7658	3
6340	1
7670	2
5010	1
7672	2
5011	2
7675	1
6344	2
6346	1
5015	3
7676	1
5005	1
7668	3
5006	1
6339	1
5008	3
7669	1
5009	1
6351	1
6350	2
5020	3
7684	2
5022	3
7683	1
7686	2
6355	1
5024	1
7685	2
7688	2
5026	2
6356	1
5016	3
6348	2
7679	1
6347	3
5017	2
5018	1
5019	1
6349	1
5031	1
7695	1
5032	2
7697	1
7696	3
5035	2
5036	1
7699	3
7698	1
6367	1
5037	1
7691	1
7690	1
6359	6
5028	2
5029	2
5043	1
6375	2
6374	4
5045	1
6377	1
5046	2
6378	2
5048	2
6371	1
5040	2
5038	2
5039	1
5052	3
5054	3
5055	1
6388	2
6387	1
5057	2
6389	1
5059	1
6380	1
5050	2
6381	3
5051	1
5063	2
5064	1
5065	2
6397	2
6399	2
6398	3
5068	1
5069	4
6391	1
6393	2
5062	4
6392	1
5075	4
8102	1
8100	1
8105	1
5079	2
8106	1
8104	1
5070	1
5071	1
5072	2
5073	2
8110	5
5087	2
8114	1
8115	2
5080	5
5081	2
5083	2
5084	2
8109	2
2809	2
2808	1
8107	3
8108	3
2805	1
2804	2
5096	2
8124	2
5098	4
8121	1
5099	3
8128	4
5091	2
5093	3
8120	3
5095	1
2811	1
8118	2
2818	1
2817	2
8119	3
2815	1
2814	1
8134	1
8135	1
8132	2
8133	1
8138	2
8130	1
8131	2
2823	3
2822	1
2821	1
2827	2
2825	4
8145	1
8149	2
8147	1
8141	2
8142	4
8140	1
2834	1
1503	1
1502	1
2832	2
1500	1
2831	1
2830	1
1509	1
2839	1
1506	1
1505	1
2835	1
1504	2
8157	1
8158	2
8159	1
8152	3
8153	4
8150	1
1514	1
1513	1
2844	1
1512	1
2841	5
1510	1
2840	3
1519	3
1518	2
2849	1
1517	4
2847	4
1515	1
2846	1
8167	1
8168	5
8165	1
8166	1
8169	1
2856	3
2855	3
1524	2
1523	5
2853	2
1521	4
2852	1
2850	1
1528	4
2859	3
2858	2
1527	1
2857	4
8178	5
8179	1
8177	1
8170	1
2870	3
8171	1
8174	1
8175	2
8172	1
8173	2
1536	2
2867	1
1535	1
1534	1
1533	2
2864	2
2863	3
1532	1
1531	1
1530	3
2861	4
2860	1
1539	2
2869	1
1537	1
8189	1
8187	1
1550	1
8181	1
8182	2
8186	2
8183	2
8184	1
1547	2
2877	3
1546	1
1545	1
5907	2
2875	1
1543	1
5909	1
2872	2
1541	1
1540	2
2871	2
1549	2
5902	2
1548	2
2879	2
8199	1
1561	1
2891	3
2890	3
8196	1
1558	1
2889	2
5915	2
5916	2
5917	2
2887	2
1556	3
2886	2
5919	1
1554	3
2884	2
2883	1
5910	1
1559	3
5914	1
1572	2
1571	2
1570	1
1569	2
2899	3
1568	2
5927	2
2898	2
1565	2
2896	2
1564	3
2895	2
1563	3
2894	1
5920	1
5921	3
5922	1
5925	1
1583	1
1582	1
1580	2
5937	2
5938	3
1579	1
5939	2
4608	3
1575	3
1573	1
5930	1
4600	4
5931	2
5933	2
4602	2
5934	1
4603	1
5935	3
4604	1
4605	1
5936	1
5950	1
1594	3
1593	2
1592	1
1591	2
1590	3
4617	1
5949	3
1589	4
1588	1
1587	2
1584	1
5940	1
4611	1
5942	3
4612	3
5943	1
4613	6
5945	3
5946	2
4615	2
4616	4
5947	2
5960	2
4630	2
1599	2
1597	2
4620	1
5952	1
4621	1
4623	2
4624	3
5955	1
4625	2
5956	1
4626	1
4627	3
4640	1
5971	1
3310	1
4639	1
3305	1
3303	5
3302	1
3301	1
3300	1
700	2
4631	2
701	2
5962	3
5963	1
4632	1
5964	3
4633	1
703	1
704	2
5966	3
705	1
4635	3
706	3
4636	4
5967	1
707	4
708	3
5969	3
4638	1
709	2
5980	1
4650	3
5981	1
5982	3
4652	3
5983	3
3321	3
3320	2
3318	1
3317	2
3316	2
3315	2
3314	1
3313	1
3312	1
710	2
711	2
3311	2
712	1
714	3
4644	1
4645	1
715	1
4646	2
716	3
4647	4
5978	3
717	1
4648	1
719	1
3319	2
4649	1
5990	4
5991	1
4661	1
5992	1
4662	2
5993	2
5994	3
4663	1
3332	2
3331	1
3326	1
3325	1
3324	1
721	3
3323	1
3322	1
722	2
4653	3
5984	2
4654	2
724	1
5985	1
725	2
4655	1
5986	2
5987	2
5988	1
728	1
4658	2
729	2
4659	1
4670	1
4671	2
4672	1
4674	2
2012	3
3342	1
2011	1
2010	4
3341	3
3340	1
2008	5
3339	1
3338	2
2005	1
3335	2
731	1
732	3
2003	4
733	2
2002	3
3333	2
5995	3
734	1
4664	1
735	1
4665	1
5997	2
4667	2
5998	1
737	2
738	2
5999	1
4668	1
4669	3
739	1
4681	5
4682	1
4683	2
2023	3
3353	1
3352	3
2020	2
3351	1
3350	1
7708	1
2019	1
3349	4
2018	1
3348	1
741	2
2016	1
742	4
743	3
2014	1
744	2
3344	1
2013	5
7701	2
4675	1
745	1
7703	4
4677	1
748	3
4678	1
749	3
7705	2
7704	2
7707	2
7706	2
4692	4
4693	2
4694	2
4695	1
7721	1
4696	1
7720	2
2034	3
2033	1
2032	2
3363	2
2031	2
3362	2
3361	3
2030	1
7719	2
2029	1
2028	1
751	2
752	3
2027	1
3358	1
753	2
2026	1
3357	2
3356	3
755	1
2024	1
4686	3
4687	2
758	1
4689	3
759	1
7715	1
7717	1
7730	2
7732	5
2045	1
3374	1
2042	3
2041	1
2040	3
3371	2
3370	1
760	4
761	2
762	1
763	1
3369	2
2038	3
2037	4
3368	1
765	3
3367	1
2036	1
766	3
3366	1
2035	1
4697	2
4698	1
7727	1
7729	1
7728	1
7741	1
6410	1
7740	1
6412	2
6411	1
2056	1
3386	1
2055	1
2054	2
3384	2
2053	1
3383	1
3382	2
2051	2
2050	2
3381	1
770	3
771	1
772	1
773	2
2049	3
774	2
775	3
3379	3
2047	2
776	4
3378	1
3377	4
7734	1
7733	2
779	1
7735	1
7738	1
6407	1
6406	3
6409	1
6408	1
3390	1
7750	1
7752	2
7754	2
6422	3
7753	2
2067	1
3398	1
2066	1
3396	1
3395	1
3394	2
3393	1
3392	1
780	1
3391	3
2060	2
781	1
782	1
783	2
784	1
785	2
786	2
2058	3
787	3
3389	1
3388	2
2057	2
788	1
7745	1
789	1
6414	2
7744	1
6416	1
7747	3
6415	1
6417	1
2070	1
5100	2
6432	3
7763	1
7762	1
6431	2
7765	2
5102	2
5103	3
2077	4
2076	1
2073	1
2072	5
791	1
2071	1
793	2
794	4
795	1
797	3
2069	3
798	2
799	1
2068	1
3399	3
7756	1
6424	3
7755	1
7758	1
6427	2
7757	1
6426	1
6429	2
7770	2
2081	2
7772	2
6441	2
7771	2
5110	2
6440	3
7774	4
5111	2
7773	2
5112	3
6442	1
6445	2
5114	2
6444	4
7775	1
2089	3
2088	2
2087	2
2086	3
2085	1
2083	2
2082	1
2079	1
7767	1
6436	3
7766	1
7769	2
6437	4
5109	3
7781	4
2092	2
6450	1
2091	6
7780	1
7783	3
5120	2
2090	2
6452	1
7782	2
6451	3
5121	1
6454	3
5122	1
5123	1
6453	3
6456	1
6455	2
5125	1
2099	2
2097	3
2096	2
2095	3
2093	2
5115	2
6447	2
7778	1
5116	4
6446	3
7777	1
5117	1
6448	2
5118	1
7779	3
5119	1
6461	1
7792	1
7791	3
6460	1
5132	4
6462	2
7796	1
6464	2
7795	2
6467	1
6466	1
5136	1
7797	1
7790	1
6458	4
7789	1
7788	3
6457	1
5127	2
6459	2
5129	3
6472	3
5140	2
5141	1
6471	1
6474	1
5144	1
5145	2
6475	1
6478	2
6477	4
6469	4
7799	2
6468	1
5139	1
6483	3
5151	2
5152	1
6485	2
5153	1
5154	3
6484	2
6487	2
6489	1
6488	2
6481	1
6480	3
5148	2
6479	1
6494	1
5162	1
5163	2
6493	1
6496	1
5164	1
6495	2
6498	2
5166	3
5167	1
5160	2
6492	2
5161	1
6491	1
5159	1
5174	1
5175	1
5176	1
8204	3
5177	2
5178	3
5179	1
8202	2
5171	1
5172	2
8211	3
5184	1
8212	3
5185	2
5187	2
5188	2
5189	1
8216	3
8213	1
8214	2
2909	1
5180	4
5181	3
5183	3
2900	1
8209	4
8206	3
2905	1
2904	3
2903	1
2902	1
2901	1
5195	1
8222	3
5196	2
5197	2
8226	1
8224	1
5190	3
5192	1
5193	1
5194	2
8219	3
2919	2
2918	2
2914	2
2913	3
2912	4
8233	3
8231	2
8237	1
8238	1
8235	1
8236	2
2922	2
2921	1
2929	3
2928	2
8229	1
2926	2
2924	1
2923	1
8244	3
8245	2
8242	1
8243	1
8248	1
8249	2
8246	1
8241	1
2933	2
2932	2
1601	1
1600	1
2931	1
1609	1
1608	6
2939	3
2938	6
1606	2
2936	1
1605	2
2935	2
1604	1
1603	2
8255	2
8256	1
8253	3
8252	3
1613	3
2944	2
1612	2
1611	2
2941	2
1610	1
2940	2
1619	3
1618	2
2949	1
2948	2
1617	1
2947	4
1616	2
1615	1
2946	1
1614	3
8264	2
8263	1
8260	3
2955	2
1623	3
2954	1
2952	2
1621	1
2951	1
1620	1
1629	2
1628	3
2958	1
2957	2
1626	1
8277	2
8275	1
8276	1
8270	1
2966	1
1635	1
2965	1
1634	1
1633	2
2963	2
1632	2
2962	3
1631	2
1630	2
1639	2
2969	2
1637	5
1636	1
8288	3
8289	1
8285	3
8282	1
8283	1
1646	1
1645	3
1644	1
2975	4
2974	1
1643	1
1642	3
2972	2
1641	2
2970	1
1648	1
1647	3
8297	3
8291	2
1660	3
2991	2
8292	2
2990	1
8290	1
8295	1
8296	1
8293	2
8294	2
1657	1
2988	3
2987	2
1656	2
1655	2
2985	4
1653	1
2983	2
1652	1
1651	1
1650	2
2981	2
1659	1
1658	1
2989	1
1671	1
1668	1
2999	3
2998	2
1667	1
1666	1
2996	1
1664	2
2995	1
1663	2
2994	1
2993	2
1662	1
2992	5
1661	1
1682	1
1681	2
1680	3
1679	1
4705	1
4706	1
1678	1
4707	3
1677	1
4708	2
1676	2
1675	2
4709	3
1674	1
1672	1
4701	1
4702	2
4704	1
1693	2
1692	2
1691	2
4716	2
1689	2
4717	3
4718	1
1687	2
4719	2
1686	3
1685	2
1684	1
4711	3
4712	1
4713	1
4727	2
4728	2
1699	2
1698	1
1696	3
1695	1
1694	1
4720	2
4721	1
4723	1
4725	4
4740	1
3406	2
3405	2
3404	2
3403	2
3402	2
3401	1
3400	2
802	2
4733	3
804	2
805	3
4735	1
4736	1
3408	1
3407	3
807	1
4737	1
808	3
4750	2
4751	1
3417	1
3416	1
810	2
811	2
4741	1
4742	1
812	1
4743	3
4744	1
814	2
815	3
4745	1
4746	4
816	1
818	2
3427	2
3426	3
3425	2
3424	1
820	1
821	3
822	2
4752	1
4753	1
823	3
824	1
4754	1
4756	4
826	2
4757	1
827	3
3429	2
4759	3
829	1
4773	3
2111	2
3441	1
3440	1
3439	3
2108	2
3438	4
2106	1
2105	1
3435	4
830	2
2101	2
832	4
4763	2
835	6
4765	3
836	4
4766	2
4767	1
839	2
2109	1
4780	1
4781	1
4782	2
3453	1
2121	1
3452	1
3451	1
2120	1
2119	1
2118	1
7809	1
3447	2
840	2
3446	2
2114	1
3445	1
3444	1
2113	1
3443	3
2112	1
844	1
7800	1
7802	2
4777	1
847	1
4778	5
848	3
4779	3
7803	1
849	2
7806	1
7805	2
4792	3
4793	3
4794	2
2133	1
3463	1
2131	2
2130	3
3461	3
7819	3
2129	1
7818	2
3459	3
850	1
3458	1
2126	1
851	2
3457	1
852	3
2125	1
3456	2
853	1
3455	2
3454	1
854	1
4785	1
855	4
4786	3
856	2
4787	2
857	4
4788	3
7812	1
7815	2
859	2
7814	1
6500	1
7831	2
7830	1
3475	4
2143	2
2142	1
3472	2
2141	1
3471	1
3470	1
7829	2
2138	1
3469	1
861	2
3468	2
862	3
2137	1
2136	1
3466	3
2135	1
865	2
3465	2
866	3
4796	2
867	2
7821	1
868	2
869	7
7826	1
7828	2
7827	2
7842	3
7841	2
6510	2
2155	1
3486	1
2153	1
2152	1
3483	1
3482	1
3481	2
3480	1
870	3
6509	1
871	3
2149	1
3479	2
873	1
2147	2
3478	1
874	3
3477	3
2146	4
875	2
6502	3
877	1
7833	2
878	2
6501	2
7832	1
879	3
6503	1
7834	5
7837	1
6506	2
7836	2
7839	2
6508	1
6507	3
6520	1
7851	1
7850	2
6522	3
7853	1
3497	1
3494	2
2163	3
3493	4
2161	1
3492	1
3491	1
3490	4
880	1
881	6
882	4
2159	1
885	3
2157	2
886	1
2156	2
7843	1
6515	1
7845	1
6514	1
6517	2
6516	2
6519	2
6518	1
7860	2
7862	2
5200	2
6530	1
6533	2
5201	2
5202	1
6532	2
7863	2
2177	1
2176	2
2175	1
2174	1
2173	2
2172	1
890	1
891	1
892	2
893	2
895	3
2169	1
2168	2
897	1
2167	2
3498	1
899	3
6523	4
6526	2
7857	1
6528	1
6527	6
6529	3
2180	4
7870	1
6542	2
5210	1
7873	1
6541	1
7875	2
6544	1
5213	3
7874	2
2188	2
2187	2
2186	2
2185	2
2184	2
2183	1
2182	1
2181	2
2179	1
2178	3
6535	1
5204	1
6534	1
7868	2
7867	3
6539	1
5207	1
5208	1
7869	1
6538	2
5209	1
2191	1
2190	1
5220	2
6550	1
7881	1
6553	2
7884	2
5221	2
6552	5
7883	5
5222	1
6555	2
6554	2
2199	1
2198	1
2197	5
2194	1
2193	1
2192	2
2189	2
7877	3
6546	1
5214	1
5215	1
6545	1
6548	2
7879	1
5216	1
6547	2
5217	1
7878	1
5218	3
5219	3
7891	2
6560	2
7893	2
5230	1
5231	2
7892	2
6561	3
5233	1
6563	1
7894	1
6566	1
6565	1
7888	2
5225	1
5226	2
5227	2
7889	3
5228	2
5229	1
6571	3
6573	4
5242	2
6575	1
5243	2
6574	2
5244	1
6577	2
6576	2
5246	4
6568	1
6567	1
5238	3
5239	2
5250	4
5251	2
6581	1
5252	3
5253	1
6586	3
5254	2
5255	2
6588	3
6587	4
6579	1
5247	1
5248	1
5249	1
6592	3
6595	2
5263	4
5264	1
5265	2
6596	1
6599	2
5267	3
6598	1
6590	1
5273	1
5275	1
5276	2
5277	2
5278	3
5271	1
5269	2
5283	1
5284	3
5287	3
5288	6
5289	3
5280	3
5282	2
5294	3
5295	2
5296	1
5298	1
5299	1
5290	2
7000	1
7001	1
7003	1
7006	1
7011	1
7010	1
7012	2
7015	1
7017	1
1701	1
7008	2
7007	1
1708	1
1707	2
1706	1
7009	2
1705	1
7022	2
7021	3
7024	3
7026	1
7028	1
7027	1
1711	1
7019	2
7018	1
1719	1
1718	1
1717	1
1716	1
1715	1
1714	3
1713	2
7035	4
7034	1
7031	2
7030	1
1722	2
1721	3
1720	2
7029	2
1729	5
1726	1
1725	1
1724	2
7044	1
7043	2
7046	1
7045	2
7048	1
7047	1
7049	1
7040	1
7042	1
7041	1
1734	1
1733	2
1732	1
1731	3
1739	2
1738	3
1735	1
7054	1
7056	1
7059	1
7050	1
7053	1
7052	2
1745	1
1744	2
1742	2
1740	2
1748	1
1747	3
1746	1
7065	1
7060	2
7061	1
7064	2
7063	1
1756	3
1755	1
1754	3
1753	2
1752	1
1751	3
1759	1
1758	2
1757	2
7079	1
1770	1
7070	1
7073	1
7072	3
7074	1
1767	1
1766	1
1765	2
1764	1
1763	3
1761	4
1769	1
7088	1
7087	3
7089	2
7080	1
1781	2
1780	3
7082	1
7084	3
7086	1
7085	2
4804	2
1778	2
4805	1
1777	1
4806	2
4807	1
1775	1
1774	2
4809	3
1773	4
1772	1
1771	1
4800	2
4801	1
4803	1
7099	2
7098	2
1792	2
7090	2
1791	3
7092	2
7095	1
7094	1
7096	1
4815	2
1789	1
1788	2
4816	1
4818	1
4819	2
1785	2
1784	2
1783	1
1782	1
4810	3
4811	1
4813	1
4814	1
4826	5
1799	5
4827	2
1798	3
4828	1
1797	1
4829	1
1795	1
1794	3
1793	2
4820	2
4821	2
4823	1
4825	2
4837	2
3504	2
4838	2
4839	1
3500	1
4832	1
902	2
4833	1
3509	2
3508	1
4834	1
904	3
905	4
4835	1
906	4
3506	1
907	1
908	3
909	2
3516	2
3515	2
4849	1
3514	2
3513	4
3512	2
4840	1
910	1
4841	1
911	1
913	4
914	3
4844	2
915	2
4845	5
3519	2
3518	3
4846	1
916	2
917	4
4847	1
918	1
4861	4
4859	1
3527	1
3526	2
3525	3
3524	1
3522	3
3521	3
3520	1
920	3
921	1
4853	3
923	3
4854	1
926	2
927	2
4857	2
3529	1
3528	1
928	1
929	1
4871	3
3541	1
3540	1
3538	1
2206	3
3536	2
2205	1
3535	4
2204	2
2203	1
2202	1
2201	1
3532	1
2200	3
931	2
3531	1
4862	2
932	1
4863	1
933	2
4864	1
935	2
936	2
4866	1
937	1
4867	3
2209	3
4868	2
3539	2
4880	3
4881	4
4883	1
2221	2
3552	1
3551	1
7907	1
3549	3
7906	1
3548	1
2217	2
3547	1
7909	1
2216	2
2215	1
7908	1
3545	4
2214	1
940	2
3544	2
2213	1
2212	4
3543	1
941	4
942	3
2211	1
4873	1
944	1
4875	2
945	1
7901	1
946	2
7900	1
7903	2
947	1
7902	1
948	2
7905	1
949	2
7904	2
2219	2
4890	1
4891	1
4893	1
4894	1
3563	1
2232	1
2230	1
3560	1
2229	3
2228	4
2227	4
2226	3
3557	1
950	1
3556	1
951	3
2224	2
2223	5
3554	4
3553	3
7910	2
4884	3
954	2
4885	2
955	1
4886	1
4887	3
7911	3
957	1
7914	1
958	3
959	2
7913	1
7916	4
7915	1
2243	2
2242	2
2241	6
2240	1
2239	1
7928	2
960	5
3568	3
961	1
3567	1
2236	1
962	2
3566	1
963	3
3565	1
964	2
2233	2
3564	2
965	1
7920	2
966	1
7923	3
967	1
4897	1
968	3
7922	2
969	2
4899	2
7924	1
7927	2
7941	2
7940	1
3585	1
2254	2
2253	2
3583	1
2252	1
2251	2
3582	1
3581	1
2250	2
3580	2
6609	3
7939	3
2249	4
970	4
971	2
3578	3
2247	1
3577	1
973	2
3576	1
974	1
2244	2
975	1
976	2
6600	2
978	4
979	2
7933	1
7935	2
6604	1
6607	1
7950	1
7952	1
6620	1
2265	2
3596	1
2264	2
3595	1
3594	3
3593	1
3592	1
2260	1
3591	1
3590	2
2259	1
3589	3
983	1
2258	2
2257	1
984	3
2256	3
985	1
986	1
987	2
6612	1
6611	3
988	1
989	1
7945	1
6614	1
7944	1
7946	2
6615	1
7949	1
6617	1
7961	2
6630	2
7960	1
6632	3
5301	1
2276	2
2274	3
2273	1
2272	2
992	1
994	2
2269	3
2268	1
995	1
2267	2
3598	3
996	1
3597	1
2266	1
998	3
6623	2
6622	1
999	1
7953	1
7956	3
6624	1
7955	2
6627	2
6628	1
7970	1
7972	3
6641	2
5311	1
7973	3
5312	3
2287	1
2283	1
2281	4
2278	1
7965	3
6634	2
7964	4
5303	1
6633	1
7967	2
6636	1
6635	3
5305	3
7966	2
5306	2
6638	1
7969	1
5308	1
5309	1
2290	2
7981	2
7980	3
6652	3
5320	1
5321	1
6651	1
7985	1
6654	3
5322	1
2298	4
2297	1
2296	3
2294	1
2293	3
2291	1
2289	1
7976	2
5313	2
5314	2
7975	2
6644	1
7978	2
6647	1
5317	1
6649	1
6648	4
7979	2
7992	3
6660	2
7991	1
5330	1
7994	1
6663	1
4000	2
5332	2
4001	3
7993	1
6665	1
7996	2
5333	1
7995	2
2299	4
6656	3
6655	4
7986	2
6658	1
5326	1
6657	2
5328	1
5329	4
6670	1
5341	1
5342	2
4011	1
6674	1
4012	1
6673	3
4013	1
6676	1
6675	1
4014	5
5345	1
5335	2
4005	2
6666	1
4006	1
5337	3
4007	2
6668	2
5339	1
4009	3
6681	1
5350	1
6680	1
4020	5
6683	2
5351	1
6682	2
4021	1
5352	2
6685	4
5353	1
6684	3
4024	3
5356	1
6686	1
5346	5
6678	2
6677	4
5347	1
4019	3
6692	4
5360	1
6691	3
4030	1
5361	1
5362	2
4031	4
5363	1
6696	1
5365	4
6695	1
6698	4
4035	2
5366	1
4036	1
6697	2
5367	2
6690	4
4026	2
5357	2
6688	1
4027	1
5358	1
4040	4
5371	1
4041	1
5372	1
4042	4
5373	2
4043	1
4044	3
5375	2
4045	1
4046	4
4047	2
5370	3
100	3
101	2
102	1
103	2
105	1
106	4
107	1
4037	1
108	2
4038	1
4039	2
4051	1
5384	2
4053	1
5385	2
5386	3
5387	2
4057	1
4058	1
5380	1
5381	3
110	4
111	3
112	1
113	1
114	2
115	2
116	1
117	2
4048	2
119	2
4049	1
5393	2
4063	1
5395	3
4064	1
4065	3
5396	5
4066	2
5397	1
5398	1
4067	3
4068	1
5399	1
4069	1
5390	1
5391	3
4061	3
120	4
5392	1
122	1
123	2
124	1
125	1
126	1
127	2
128	1
129	1
4073	3
4074	1
4075	1
7101	2
7100	1
4076	1
7103	3
4078	4
4079	1
7104	2
4070	3
4071	3
4072	3
132	1
133	3
134	2
135	1
137	1
138	3
139	3
4085	2
4086	1
7112	3
7111	2
7114	3
4088	2
7113	2
4089	1
7116	3
7115	2
140	1
4082	4
141	1
4083	2
142	1
143	3
144	1
145	1
146	1
7107	2
1807	4
7106	1
7109	2
1806	1
7108	3
1805	1
1804	1
1803	3
7121	1
7120	1
4096	1
4097	1
7123	1
4098	1
7122	2
7125	2
4099	1
7124	1
4090	5
150	4
151	1
4093	2
154	2
1811	1
155	1
156	1
157	1
158	2
159	2
1819	2
7118	1
7117	1
1816	2
1814	1
1813	1
1812	2
7132	1
7131	1
7133	1
7136	2
7138	2
7137	2
162	2
7130	1
163	1
164	3
165	3
166	2
1821	1
167	3
168	3
169	1
7129	1
1829	3
1828	6
1826	2
1823	1
7142	2
7145	2
7144	5
7146	3
7149	2
171	1
173	2
174	4
175	2
1833	2
177	2
178	2
179	1
7139	2
1838	1
1837	1
1836	2
1835	3
1834	3
7153	1
7156	2
7155	1
7158	1
7159	1
180	3
181	4
182	2
183	2
7151	3
1844	2
187	1
188	3
189	2
1842	1
1841	1
1840	1
1849	3
1845	1
7165	2
7164	2
190	1
191	1
192	3
7161	3
194	2
7160	2
195	2
7163	1
197	3
7162	1
1855	1
198	4
199	2
1853	1
1852	2
1859	1
1858	1
1857	3
1856	1
7175	1
7178	1
7177	2
7179	1
7170	3
7172	1
7174	2
7173	1
1866	1
1865	2
1864	3
1863	2
1861	4
1860	1
1868	3
1867	1
7187	1
7186	1
7188	3
1880	5
7185	2
7184	4
4903	1
4904	2
1876	2
1875	2
4906	1
1874	1
1872	1
4909	2
1871	1
1870	1
4901	1
7198	1
7197	3
7199	1
7190	1
1890	1
7192	2
7194	1
7193	3
7195	2
1888	3
4914	2
4915	2
1887	5
1886	2
4916	2
4917	1
1884	1
4919	1
1882	1
1881	1
4910	3
4911	2
1889	1
4913	1
4925	3
1899	1
1897	1
1896	3
1895	2
4929	1
1894	1
1893	1
1892	1
4920	2
4921	2
4922	3
4936	1
3604	3
3603	2
3602	4
3600	1
4931	2
4932	1
4934	3
4935	1
3615	2
4947	3
4948	2
3613	1
3611	1
4942	1
3619	2
4943	1
4944	1
4945	2
4946	1
3625	2
3623	2
3621	1
3620	2
4950	1
4951	1
4952	1
4954	1
3629	2
3628	1
4957	2
