4970	16
3640	2
4971	1
2306	8
3638	5
4969	1
3639	15
2305	1
2304	1
2302	2
2301	4
2300	3
3630	40
3631	249
4962	89
4963	17
3632	3
4964	198
3633	73
3634	241
4965	1
3635	182
4966	44
2309	8
4967	499
2308	3
3636	15
2307	61
3637	9
4980	82
3650	171
4981	205
4982	50
3651	3
2320	4
3649	3
2317	6
2316	7
2315	2
3	82
2314	6
4	44
2313	3
5	27
2312	5
6	459
2311	3
7	46
2310	4
3641	295
8	304
4972	2
3642	512
9	113
4973	13
3643	223
4974	69
4975	3
3645	173
4976	36
3646	81
4977	59
2319	6
3647	14
4978	1
3648	13
2318	4
4979	1
3660	192
4991	10
3661	128
4992	18
4993	34
3662	23
1000	134
2331	5
2330	4
2328	629
2326	399
2325	99
2324	144
2323	321
2322	148
2321	6
4983	141
3652	2
3653	6
3654	1
4985	3
4986	72
3655	17
4987	13
3656	5
4988	40
3658	55
4989	7
2329	64
3659	49
3670	53
3671	8
3673	11
1011	11
2342	13
2341	75
1010	9
2340	50
2339	53
1008	13
2338	99
1007	51
1006	219
2337	7
1005	11
2336	4
1004	12
2335	5
1003	27
2334	4
2333	56
2332	89
4994	101
3663	6
3664	70
4995	2
3665	36
4996	2
3666	196
3667	11
4999	107
3668	4
3669	12
1009	74
3680	134
3681	71
3682	112
3683	19
3684	2
1022	66
2353	2
2352	3
1020	17
2351	4
2350	38
1019	6
1018	91
2349	6
2348	36
1017	6
1016	5
2346	3
2345	49
1014	94
1013	32
2344	3
1012	52
2343	8
3674	2
3675	2
3676	2
3677	6
3678	29
3679	3
3690	2
3691	179
3692	12
3694	1
3695	1
2364	145
1033	8
1032	79
2363	9
1031	137
2362	12
1030	21
2361	2
2360	6
1029	199
1028	9
2359	4
1027	7
1026	290
2357	12
2356	169
1025	2
1024	101
2355	2
2354	162
1023	60
3685	3
3686	7
3688	5
3689	2
2375	150
1044	36
1043	55
2374	3
1042	59
2373	7
1041	62
2372	11
2371	269
1040	3
2370	6
1039	38
2369	343
1038	31
1037	133
2368	35
2367	14
1035	133
2366	37
1034	99
2365	98
3696	3
3697	2
3698	1
2386	26
1055	322
2385	69
1053	85
2384	164
1052	3
1051	57
2382	1
2381	251
1050	67
2380	4
1049	106
2379	71
1048	4
1047	2
2378	21
1046	27
2376	42
2397	95
1066	14
1065	10
2396	3
1064	19
2395	1
1063	49
2394	2
1062	254
2393	7
1061	56
2392	1
1060	3
2391	3
2390	5
1059	5
2389	4
1058	2
2388	9
2387	104
1077	17
1075	162
1074	159
1072	2
1071	3
1070	2
1068	5
2399	2
2398	548
1067	5
1080	77
1088	3
1087	3
1086	13
1085	8
1084	11
1083	9
1082	9
1081	4
1079	5
1078	10
1090	3
1099	16
1098	452
1097	194
1096	2
1095	21
1094	6
1093	6
1092	13
1089	15
200	3
201	24
202	11
203	48
204	212
205	24
206	5
207	5
208	9
209	17
210	5
211	1
212	3
213	4
214	272
215	162
216	42
217	2
218	5
219	24
221	15
222	18
223	27
224	50
225	1
226	63
227	58
228	76
7201	21
7204	3
7203	2
230	58
231	89
232	57
233	5
234	5
235	6
236	74
237	67
238	3
239	2
7211	1
7210	3
7212	2
7215	5
7214	84
240	11
241	9
242	2
243	107
244	8
245	6
246	32
247	17
248	1
249	28
7206	1
7205	1
7220	1
7222	10
7221	2
7223	5
7226	4
7225	143
250	34
251	9
252	62
253	4
254	41
255	152
256	13
257	56
258	17
259	179
7217	2
7219	5
7218	4
7231	149
7230	11
7233	123
7232	3
7235	2
7234	2
7237	94
7236	29
260	2
261	36
263	29
264	3
265	49
266	18
267	4
268	9
269	41
7228	16
7227	17
7229	7
7241	29
7243	19
7246	16
7245	1
270	30
271	287
273	21
7240	3
274	40
275	77
276	10
277	2
7239	33
7238	84
7253	11
7252	2
7255	4
7254	13
7257	10
280	163
282	193
283	5
284	16
7251	4
285	99
7250	8
286	24
288	1
289	2
7266	17
7265	2
7268	4
7267	3
7269	2
290	284
291	51
292	15
7260	10
293	6
294	2
7262	26
295	11
296	19
297	4
298	71
299	242
7277	84
7276	9
7279	143
7278	6
7271	9
7270	6
7273	7
7286	3
7285	2
7287	3
7289	20
7280	204
7282	7
7281	21
7284	4
7283	5
7297	3
7296	3
7299	10
7298	7
7291	2
7290	9
7293	12
7292	2
7295	99
7294	52
3704	5
3705	9
3706	6
3707	3
3708	3
3709	14
3700	5
3701	5
3702	6
3703	5
3715	1
3717	78
3718	4
3719	18
3711	2
3712	5
3713	14
3714	23
3726	79
3727	2
3728	122
3729	11
3720	104
3722	4
3723	9
3724	193
3725	5
3737	8
2405	6
2404	4
2403	6
2402	4
2401	3
2400	104
3730	3
3731	18
2409	29
3733	1
2407	8
3735	7
2406	6
3750	1
3748	142
2416	137
3749	13
2415	3
2414	11
2413	2
2412	6
2411	373
2410	133
3742	7
3743	21
3744	6
3745	30
2419	5
3746	2
2418	2
2417	13
3747	7
3760	2
3761	4
2427	24
3759	1
2426	35
2425	15
2424	2
2423	4
2422	5
2420	8
3751	15
3752	94
3753	3
3754	6
3755	162
3757	2
2429	5
3758	1
2428	2
3770	56
3771	7
3772	50
1110	2
2441	4
2440	162
1107	3
2438	4
1106	5
2437	8
1105	4
2435	104
1104	3
1103	97
2434	7
2433	105
1102	22
1101	5
1100	53
3762	12
3763	5
3764	22
3765	3
3766	12
3767	21
1109	2
3769	58
1108	2
2439	5
3780	8
3781	2
3782	3
3783	3
2452	83
1120	5
2451	8
2450	6
2449	6
2448	7
2447	4
2446	6
1115	2
1114	67
2445	7
2444	19
1113	12
1112	4
2443	5
1111	158
2442	5
3774	2
3775	25
3776	29
3777	13
3779	2
3791	1
3792	121
3794	71
1132	109
2463	4
1131	57
2462	8
1130	4
2461	9
2460	7
1129	95
1128	47
2459	4
1127	139
2458	17
1126	6
2457	4
2456	163
1125	111
1124	52
2455	6
1123	92
2454	7
2453	4
3784	2
3785	53
3786	135
3787	356
3788	5
2474	297
1143	19
2473	148
1142	56
2472	110
1141	21
1140	75
2471	1
2470	238
1139	6
1138	7
2469	4
1137	210
2467	11
1135	160
2466	6
2465	6
1134	5
1133	562
2464	6
3795	3
3796	315
3797	6
3798	36
3799	7
2485	607
1154	60
2484	19
1152	39
1151	721
2482	5
1150	16
2481	13
2480	11
2479	42
1148	1
1147	9
2478	10
1146	5
2477	4
2476	49
1145	8
2475	56
1144	38
1165	91
2496	6
1164	183
2494	3
2493	7
1161	1
2492	4
1160	77
2491	1
2490	79
1159	80
2489	6
1158	4
1157	129
2488	42
1156	49
2487	2
1155	3
1176	1
1175	1
1172	1
1171	6
1170	6
1169	54
1168	31
2499	51
1167	309
2498	8
1166	998
2497	55
1187	8
1186	290
1185	155
1184	123
1183	20
1182	14
1181	2
1180	3
1179	22
1178	2
1190	65
1198	9
1197	7
1196	49
1195	8
1194	2
1193	179
1192	26
1191	67
1189	5
1188	5
1199	91
300	32
301	9
302	60
303	3
304	192
305	12
306	362
307	3
308	267
309	1
310	397
311	519
312	313
313	147
314	20
315	109
316	7
317	262
318	7
319	315
320	10
321	112
322	64
323	3
324	35
325	100
326	19
327	9
328	14
329	13
7301	140
7300	7
7302	8
330	4
331	8
332	81
334	112
335	70
336	52
337	1
338	22
339	140
7310	1
340	54
341	84
342	5
343	9
344	1
345	13
346	194
347	16
348	86
7305	3
349	21
7304	17
7306	23
7309	2
7321	4
7320	6
7323	24
350	79
351	16
352	15
353	12
355	1
356	86
357	2
358	13
359	6
7316	9
7315	14
7318	5
7317	34
7319	20
10	136
11	1079
7330	4
12	96
6001	64
13	22
7332	7
6000	74
14	161
15	591
6003	3
6002	3
16	18
7333	3
17	71
7336	7
6005	5
6004	130
7335	31
18	22
19	82
362	15
363	20
364	28
365	15
366	23
367	8
368	31
369	3
7327	17
7326	5
7329	7
20	276
21	105
7341	48
6010	4
22	6
23	146
24	456
7343	20
25	134
7342	5
26	136
7345	7
27	143
7344	6
6013	2
28	371
7347	4
6016	12
29	260
6015	3
370	70
371	204
372	78
373	28
374	5
375	1
376	51
377	43
378	25
379	27
6007	18
6006	228
7337	4
6009	13
30	48
31	17
32	29
7352	17
33	89
6021	18
7351	96
6020	38
34	26
35	240
7354	10
6023	70
36	358
6022	4
7353	2
6025	3
37	28
6024	26
38	44
7355	3
39	92
6027	10
7357	16
6026	5
381	5
382	4
383	81
7350	38
384	5
386	7
387	17
388	3
389	12
6018	2
7349	2
6017	2
7348	5
6019	3
40	17
41	38
42	130
43	5
6032	209
44	64
7363	3
7362	46
45	8
46	110
7365	6
6034	1
47	238
6033	1
48	30
49	46
6038	10
6037	1
390	19
391	56
392	7
393	2
394	28
6030	1
395	58
7360	4
396	29
397	1
398	5
399	10
6029	53
6028	3
7359	10
50	80
51	41
53	51
54	78
55	183
6043	109
7374	2
56	238
7373	70
6042	1
57	25
6045	6
7376	5
58	54
6044	114
59	147
7378	136
6047	20
6046	5
7377	6
6049	5
7379	9
6048	5
6041	13
7372	5
7371	5
6039	2
60	15
61	35
62	34
63	4
64	13
65	1
66	61
6054	3
67	32
6053	2
68	387
7387	12
6056	3
7386	121
6055	7
7389	42
6058	2
6057	5
6059	14
7381	92
6050	2
7380	6
7383	5
6052	2
6051	2
7382	2
71	167
72	454
73	27
74	99
75	140
76	2
77	28
78	58
6064	4
79	75
6067	3
7397	22
6066	1
6069	3
6068	56
7390	39
7392	5
6061	2
7391	142
6060	4
7394	17
6063	2
7393	34
6062	6
80	132
81	19
82	2
83	13
84	4
85	4
86	339
87	287
88	4
89	66
6075	22
6078	15
6077	4
6079	6
6070	5
6072	93
6071	8
6074	6
6073	4
90	131
91	2
92	6
93	26
94	148
95	58
96	3
98	16
99	41
6089	1
6088	4
6081	5
6080	18
6083	16
6082	27
3803	131
3804	74
3805	1
3806	123
3807	118
3808	17
3809	45
3800	107
3801	3
3802	15
6098	97
6097	118
6090	1
6092	1
6094	74
6093	14
6096	15
3814	73
3815	25
3816	27
3817	4
3819	14
3810	2
3811	20
3812	222
3813	205
3825	6
3827	3
3829	2
3821	2
3822	27
3824	1
2504	272
3836	2
3837	6
2503	5
2502	39
2501	47
3839	6
2500	8
3830	108
2509	17
2508	191
3832	6
2507	134
3833	9
2506	164
3834	3
3835	98
2505	1
3847	85
2515	1
3848	3
3849	23
2511	64
2510	208
3840	3
3841	3
3842	68
3843	184
2519	3
2518	3
3844	3
2517	113
3845	13
2516	282
2524	18
2523	4
2522	3
2521	2
3850	4
3851	7
3854	174
3855	13
2529	3
3856	31
2527	2
3870	4
3871	94
2540	1
1206	6
3869	11
1205	5
2536	3
2535	369
1204	100
1203	101
2534	2
1202	100
1201	175
1200	214
2531	1
2530	3
3862	1
3863	8
3865	3
1209	4
1208	5
3867	14
1207	48
2538	2
3880	8
3881	2
3882	1
1220	18
2551	5
2550	105
2548	20
2547	205
1216	4
1215	106
2546	42
1214	6
2545	15
2544	100
1213	7
1212	14
2543	5
2542	265
1211	390
1210	342
2541	47
3872	20
3873	114
3875	17
3876	3
3877	22
3878	3
1219	3
1218	41
2549	107
3890	8
3891	4
3892	153
3893	16
2562	4
1231	3
1230	97
2561	5
2560	324
2559	124
1228	20
2558	6
1227	2
2557	119
1226	1
2556	5
1225	3
2555	19
1224	2
1223	2
1222	64
1221	121
2552	23
3883	5
3885	78
3886	3
3887	72
3888	18
3889	6
1229	2
1242	16
2573	4
1241	91
2572	21
1240	14
2571	20
2570	76
1239	95
2569	8
1238	1
1237	14
2568	7
1236	190
2567	14
1235	29
2566	51
2565	1532
1234	120
2564	68
1233	15
2563	7
1232	14
3894	3
3895	2
3896	1
3897	269
3898	107
1253	167
2584	3
1252	6
2583	5
2582	6
1250	73
2581	3
2580	54
1248	105
2579	108
1247	178
2578	23
1246	10
2577	5
2576	448
1245	13
2575	35
1243	68
2574	5
2595	164
1264	3
2594	237
2593	219
1262	4
2592	107
1261	111
1260	30
2591	19
1259	90
2589	30
1258	3
1257	3
2587	90
1256	6
2586	4
1255	4
2585	236
1254	4
1275	4
1274	4
1273	7
1272	6
1271	4
1270	10
1269	4
2599	64
1268	3
1267	197
2598	12
2597	88
1266	19
2596	19
1286	174
1285	110
1284	108
1282	33
1281	20
1280	8
1279	234
1278	106
1277	39
1276	5
1297	528
1296	55
1295	2
1294	3
1293	50
1292	12
1291	140
1290	19
1287	14
1299	9
1298	8
400	22
401	1
402	70
403	110
404	10
405	58
406	80
407	408
408	2
409	1
410	8
411	5
412	36
413	3
414	10
415	95
416	4
417	163
418	2
419	4
421	18
422	33
423	13
424	9
425	184
426	65
427	44
428	32
429	41
7400	102
7402	6
7401	2
430	13
431	34
432	299
433	17
434	15
435	22
437	1
438	5
439	114
7413	3
440	34
441	5
443	2
444	5
445	6
446	4
447	65
448	8
7404	2
449	6
7403	1
7405	28
7407	13
7409	18
7420	3
7422	54
7421	22
7424	8
7423	15
450	1
451	3
453	3
454	12
455	5
456	12
457	1080
458	9
7415	7
7414	131
7417	7
7416	4
7419	1
7418	7
7431	2
6100	3
7430	1
6101	3
7434	12
460	3
461	5
462	7
463	7
465	172
467	17
468	3
469	14
7426	6
7425	11
7428	2
7427	3
7429	3
7440	11
7442	46
6111	14
6110	14
7441	8
7444	9
6113	2
7443	83
6112	3
7446	4
7445	4
6114	7
472	4
473	3
476	2
477	34
479	11
6106	6
7436	17
6105	18
6108	7
7439	11
6107	9
6109	10
6120	4
7451	3
7450	59
7453	4
7452	8
6121	3
6124	92
7455	5
6123	170
7454	2
6126	18
7457	4
7456	2
480	2
481	5
486	2
488	40
489	4
7448	5
7447	5
6116	3
6119	7
7449	80
6118	5
7462	2
6130	12
7461	2
6133	7
6132	3
6135	5
7466	5
6134	6
7465	3
7468	1
7467	6
490	2
492	4
493	5
494	3
495	17
497	5
499	12
6128	8
7459	3
6127	9
7458	3
6129	6
6142	2
7473	2
7472	3
6144	1
7474	1
6146	12
7477	4
7476	4
6145	2
6148	68
7478	152
6147	2
7471	15
7470	2
6139	4
7469	2
7484	11
6153	1
7483	2
6152	1
7486	2
6155	1
7485	1
6157	8
6156	126
7487	5
6158	2
7480	1
6151	116
7482	2
6150	4
6149	8
6164	16
7495	3
7494	3
6166	55
7497	44
6165	8
6168	4
7498	18
6169	5
7491	17
6160	11
7490	39
7493	19
6162	2
6161	35
7492	3
6175	3
6174	65
6177	5
6176	4
6179	16
6178	4
6170	62
6186	4
6185	4
6188	4
6187	5
6180	5
6182	7
6181	4
6184	5
6183	5
3902	63
3903	131
3904	2
3905	2
3906	3
3907	2
3908	5
3909	4
3900	6
3901	4
6197	7
6196	6
6199	6
6198	48
6191	4
6190	6
6193	3
6192	4
3914	15
3916	49
3917	34
3918	10
3919	67
3910	174
3911	18
3912	36
3924	10
3925	7
3926	108
3927	6
3928	8
3929	6
3920	10
3921	16
3922	51
3923	1
3935	2
2603	3
3936	1
3937	90
3939	11
2609	10
2608	23
3930	8
2607	27
3931	6
3932	13
2606	3
2605	163
3933	34
2604	45
3946	87
2614	6
2613	38
3947	7
2612	108
3948	39
2611	22
3949	52
2610	2
2619	240
3941	2
3942	28
2618	117
2617	91
3943	6
3944	3
2616	3
3945	3
2615	5
2625	501
3957	3
3958	175
2624	3
2623	246
3959	7
2621	6
2620	125
3952	3
2629	27
3953	5
3954	3
2628	4
3955	7
2627	3
3956	202
2626	5
3970	123
1305	493
2636	4
3968	3
3969	192
2635	2
1304	1
2634	4
1303	1
2633	3
1302	4
1301	4
2632	3
1300	3
2631	6
2630	8
3960	31
3961	25
3962	138
3963	2
1309	3
3964	1
1308	6
3965	130
2639	4
1307	143
2638	19
3966	4
3967	83
1306	26
2637	3
3980	30
3981	5
2650	21
3979	9
1316	14
2647	49
2646	166
1315	82
2645	17
1314	1
1313	5
2644	2
2643	148
1312	4
2642	3
1311	3
1310	100
2641	3
2640	3
3971	30
3973	66
3974	12
3976	398
1319	343
3977	21
2649	2
1318	3
3978	6
1317	5
2648	1
3990	3
3991	13
3992	5
1330	76
2661	2
2660	385
2658	511
1327	3
2657	269
1326	28
1325	4
2656	3
2655	161
1324	2
2654	440
1323	16
2653	352
1322	95
2652	24
1321	33
2651	538
1320	12
3982	36
3983	5
3984	10
3985	46
3986	4
3987	4
1329	8
2659	25
3989	5
1328	7
2672	22
1341	8
1340	10
2671	1
2670	19
2669	50
1338	8
1337	4
2668	1
2667	294
1336	22
1335	86
2665	83
1334	4
1333	2
2663	4
1332	6
2662	75
1331	15
3995	72
3997	1
3998	3
3999	13
1339	11
1352	269
2683	18
1351	3
1350	166
2680	11
1349	4
2679	4
2678	4
2677	75
1346	5
2676	11
1345	2
1344	3
2675	4
2674	239
1343	3
1342	12
2673	1
2694	27
2693	345
1362	4
2692	38
1361	2
1360	101
2691	76
2690	46
1359	4
2689	110
1358	30
2688	857
1357	286
2687	85
1356	30
2686	304
1355	5
2685	115
1354	13
1353	107
1374	790
1373	3
1372	26
1370	2
1369	1
2699	112
1368	47
1367	53
2698	25
2697	171
1366	3
2696	194
1365	13
2695	19
1385	226
1384	126
1383	4
1382	68
1381	69
1380	80
1379	3
1378	111
1377	115
1376	4
1375	54
1396	44
1395	289
1394	59
1393	98
1392	5
1391	4
1390	91
1389	48
1388	3
1387	1
1386	94
1399	3
1398	2
1397	1
501	8
502	5
504	1
506	50
507	5
509	1
511	4
513	5
514	29
515	11
516	2
517	35
519	1
520	2
521	11
522	4
524	30
525	12
527	2
528	1
529	3
7501	1
530	14
531	5
532	5
534	11
536	12
538	13
539	3
7510	86
7512	44
7511	27
540	1
541	1
542	13
543	1
544	4
545	85
546	201
547	2
7503	1
7502	6
549	85
7505	4
7506	2
7509	3
7508	5
7520	16
7523	5
7522	4
551	1
552	4
553	27
554	14
555	6
556	173
557	2
558	3
7514	3
559	66
7515	2
7518	12
7517	28
6201	7
6200	17
7531	3
6203	5
7534	6
6202	10
7533	6
560	64
561	12
562	1
563	2
564	49
565	18
566	21
567	36
568	1
7525	6
569	3
7524	6
7527	2
7529	59
7528	4
7540	2
6212	5
6214	2
7545	2
7544	103
6213	9
570	9
572	6
574	8
575	25
576	7
577	5
578	5
579	139
7536	2
6205	3
6204	27
7535	2
7538	4
6207	11
7537	3
6206	3
6208	4
7550	2
6221	106
6220	20
7554	2
6223	29
7553	278
6222	2
6225	5
6224	3
580	29
581	18
582	46
583	43
584	21
585	5
586	44
587	81
588	32
589	27
6216	12
6215	1
7546	6
6218	152
7549	2
6217	39
6219	13
7561	74
6230	5
6232	4
7563	3
7565	3
7564	45
7567	14
6236	3
6235	15
590	54
591	6
592	46
593	5
594	5
595	6
596	4
597	6
598	5
599	3
6227	82
6226	26
7557	22
6229	138
6228	8
6241	160
7572	2
7571	3
6240	3
6243	103
7574	24
6242	10
7576	5
6245	16
6244	4
7578	43
6247	3
6246	71
7577	3
7570	3
7569	7
6239	11
7583	5
6252	1
6251	81
7585	3
6254	2
6253	4
7587	135
6255	44
7586	11
6257	7
7588	40
7581	1
7580	33
6248	15
7579	9
7594	6
6263	2
6262	68
7593	24
6265	1
7595	2
7598	53
6267	7
7597	12
6266	7
6269	17
7599	3
7590	3
6261	22
6274	7
6273	2
6276	3
6275	3
6278	10
6279	4
6270	172
6272	174
6271	20
6287	3
6286	6
6288	3
6281	3
6280	93
6282	1
6296	60
6295	5
6298	11
6297	3
6299	257
6292	2
6291	2
6294	2
6293	3
2702	100
2701	33
2700	305
2709	1
2708	104
2707	242
2706	27
2705	5
2704	108
2703	100
2713	348
2711	15
2719	33
2718	4
2717	3
2716	4
2715	4
2724	70
2723	4
2722	3
2721	56
2720	38
2729	1
2728	2
2727	176
2725	4
1404	5
1403	102
2734	3
1402	53
2733	7
1401	5
1400	7
2731	2
2730	3
1409	3
1408	4
2739	4
1407	53
2738	4
2737	29
1406	7
2736	36
1405	3
2746	193
1413	100
2744	57
1412	48
1411	62
1410	4
2741	3
2740	51
1419	114
1418	39
2749	7
2748	7
2747	198
1416	151
2760	110
2757	10
1426	4
1425	74
1424	75
2755	2
1423	17
2754	114
1422	4
2753	7
1421	5
2752	18
1420	66
2751	12
1429	5
1428	355
2759	4
2758	6
1427	4
2771	4
1440	4
2770	30
2768	102
1437	70
2767	4
1436	2
1435	11
2766	5
2765	77
1434	2
2764	76
1433	4
2763	94
1432	10
1431	2
2762	2
2761	3
1430	3
1439	59
2769	5
1438	2
1451	8
2782	5
2781	31
1450	4
2780	3
2779	1
1448	2
1447	14
2778	24
2777	57
1446	26
2776	4
1445	1
2775	264
1444	48
2774	182
1443	7
1442	57
2773	1
1441	88
2772	2
1449	4
1462	79
2793	7
1461	3
2792	33
1460	3
2791	20
2790	422
1459	5
1458	4
2789	5
1457	12
2788	11
2787	87
1456	3
1455	3
2785	142
1454	4
1453	174
2784	3
2783	3
1473	255
1472	8
1471	165
1470	209
1469	9
2799	81
1468	74
1467	18
2798	1
1466	39
2797	38
2796	19
1465	39
1464	85
1463	47
2794	138
1484	92
1483	75
1482	150
1481	5
1480	74
1478	25
1476	71
1474	3
1495	17
1494	2
1493	42
1492	361
1490	39
1489	140
1488	2
1487	217
1486	20
1485	34
1499	17
1498	75
1497	103
1496	396
600	376
601	19
602	2
604	29
605	9
606	23
607	6
608	167
609	27
610	2
611	37
612	3
613	27
614	12
615	48
616	23
617	16
618	19
619	10
620	24
621	1
622	19
624	25
625	8
626	110
627	22
628	22
7600	3
631	26
632	1
633	157
634	218
635	99
636	62
637	76
638	1
639	52
7611	6
7610	4
7609	4
640	6
641	2
642	9
643	117
644	116
645	40
646	23
7602	3
7601	4
647	82
7604	13
648	2
649	53
7605	8
7608	3
7620	310
650	142
651	8
652	6
653	9
654	6
655	5
656	83
657	21
7613	5
658	36
659	92
7615	7
7614	52
7617	4
7616	3
7619	5
7618	91
7630	3
6302	27
7632	253
6301	3
661	5
662	4
663	270
664	64
665	139
666	4
667	89
668	20
7624	97
7623	5
669	3
7626	2
7625	12
7629	5
6311	17
7642	18
6313	5
7644	2
6312	3
670	17
672	2
673	68
674	38
675	31
676	4
677	54
678	6
679	7
6304	1
7634	15
6306	100
7637	4
6305	361
7636	3
7639	3
6307	7
7638	4
6320	93
7651	87
7650	8
7653	16
7652	15
6321	9
6324	9
6323	111
681	35
682	30
683	2
684	27
686	147
687	17
688	13
689	60
7646	60
6315	1
6314	12
7645	1
7648	14
6317	10
7647	47
6316	38
6319	4
7649	99
7660	1
7662	102
6331	5
6330	118
7661	9
5000	4
5001	5
6333	4
7664	1
5002	309
7663	5
6332	2
7666	51
6334	61
7665	11
690	7
691	68
692	5
693	6
694	11
695	178
696	61
697	207
698	21
699	12
6326	5
6325	13
6328	64
7659	6
6327	297
7658	17
6340	8
7670	1
5010	7
7673	16
5011	10
7672	3
7675	41
5012	85
6344	6
5013	10
6346	25
7677	28
7676	13
5015	24
6337	92
7668	12
5005	4
5006	27
6339	5
5008	35
7669	12
5009	25
7682	61
6351	3
5020	332
6350	5
7684	4
5022	497
7683	60
6355	4
7686	4
7685	17
5024	7
7688	22
5026	82
6356	5
7687	6
7679	36
5016	17
6348	5
6347	93
7678	7
5017	9
5018	1
6349	3
5019	3
5031	3
7695	70
5032	2
7694	67
5033	17
7697	23
6366	4
7696	8
5035	1
7699	127
5036	5
5037	103
6367	3
7698	1
6360	67
7691	39
7690	2
6359	131
5028	182
5029	43
5043	12
6375	4
5044	20
6374	1
6377	19
5045	18
6376	9
5046	3
6379	2
5047	3
5048	11
6378	6
6371	3
5040	7
5038	8
5039	11
5052	4
5053	78
6383	4
5054	6
5055	104
6388	72
6387	2
5057	2
5058	50
5059	48
6389	2
6380	5
5050	13
5051	13
6381	4
5063	3
6395	4
5064	36
6394	12
5065	2
6397	2
6396	4
5067	7
6399	3
6398	46
5068	13
5069	10
6391	4
5060	3
5061	89
6393	4
5062	2
6392	3
5075	12
5077	4
5078	8
5079	555
5070	6
5071	3
5072	105
5073	85
5085	6
5086	3
5087	5
5088	3
5089	14
5080	7
5081	6
5083	92
5084	2
2801	66
2809	81
2808	5
2807	13
2805	82
2804	22
2802	13
5096	86
5097	6
5098	7
5099	28
5090	4
5091	5
5092	121
5093	2
5095	8
2811	124
2819	124
2818	12
2817	1
2815	70
2814	72
2813	3
2823	3
2822	183
2821	13
2828	78
2827	3
2826	2
2825	32
2824	5
2834	92
1503	1
1502	2
2833	10
1501	95
2832	66
2831	162
1500	81
2830	122
1509	7
2839	8
2838	84
1507	23
1506	99
1505	4
1504	12
2835	4
1514	168
2845	6
1513	40
2844	18
2843	23
1512	1
1511	5
2842	176
1510	24
2841	3
2840	27
1518	46
2849	4
2848	5
1517	1
1516	3
2847	2
2846	3
1515	1
2856	114
1525	132
1524	39
2855	30
1523	1
1522	233
2853	3
1521	214
2852	4
2851	188
1520	49
2850	3
1529	2
2859	320
1528	5
2858	9
1527	5
1526	10
2857	5
2870	4
2867	9
2866	11
1535	4
1534	76
2865	8
2864	3
1533	16
1532	19
2863	11
1531	31
2862	16
1530	20
2861	4
2860	13
1539	7
1538	198
2869	8
1537	118
2868	5
1550	79
2881	2
2880	68
1547	103
2877	115
1546	3
1545	3
2875	7
1543	4
1542	406
2872	130
1541	1
2871	577
1540	1
1549	1090
1548	70
2879	5
1561	1
2892	8
2891	6
1560	8
2890	5
2889	24
1558	3
1557	18
2888	5
1556	43
2887	6
1555	173
2886	5
1554	6
2885	9
1553	34
2884	2
1552	139
2883	45
2882	4
1551	5
1572	4
1571	126
1570	5
1569	48
1568	3
2899	2
2898	2
1566	138
1565	57
2896	8
1564	117
2895	5
1563	30
2894	6
2893	6
1583	163
1582	23
1581	6
1580	59
1579	1
1576	4
1575	2
1574	1
1573	90
1594	170
1593	84
1592	86
1591	3
1590	4
1589	24
1588	1
1587	51
1585	291
1584	2
1599	3
1597	59
1596	98
1595	39
700	30
701	5
703	3
704	173
705	68
706	165
707	208
708	71
709	3
710	209
711	3
712	38
713	8
714	29
715	80
716	3
717	20
718	4
719	65
720	6
721	4
722	508
723	45
724	6
725	34
726	4
727	49
728	4
729	1
730	112
731	2
732	4
733	77
734	1
735	2
736	4
737	627
738	12
739	83
7708	3
741	59
742	169
743	25
744	14
7701	27
745	5
746	46
7703	2
748	26
749	138
7705	5
7704	6
7707	83
7706	4
7721	6
7720	2
7719	6
750	38
751	3
752	3
753	2
754	3
755	4
756	93
758	5
759	113
7716	1
7717	1
7730	13
7732	3
6400	71
760	32
761	124
762	455
763	197
764	92
765	139
766	1058
768	4
769	251
7724	5
7727	52
7726	82
7729	1
7728	7
7741	7
6410	1
7740	18
7743	25
6412	2
7742	2
6411	1
770	4
771	44
772	4
775	2
776	1
778	33
7734	11
7733	84
779	17
7736	4
7735	8
6407	40
7738	9
7737	2
6406	6
6409	21
6408	5
7750	6
6421	38
7752	6
7751	2
7754	5
6423	2
7753	7
6422	93
780	2
781	13
782	9
783	3
784	357
785	4
786	1
787	26
788	152
789	550
6414	171
7745	2
7744	80
6413	3
7747	9
6416	6
6415	5
6417	108
6430	3
7761	3
7760	2
5100	132
7763	91
6432	53
6431	5
7762	2
5102	78
7765	1
5103	248
791	83
792	4
793	15
794	72
795	118
796	2
797	13
798	60
7756	9
6424	67
7755	26
6427	8
7758	2
7757	88
6426	2
6429	3
7759	10
6428	8
7770	7
7772	39
6441	75
5110	111
7771	11
6440	3
7774	51
5111	10
6443	93
7773	2
5112	4
6442	79
6445	21
5114	6
7775	9
6444	2
6436	7
7767	3
5104	6
7766	31
6435	19
5105	1
5106	130
7769	27
6437	98
7768	15
5109	2
6439	2
6450	4
7781	4
7780	5
5120	8
6452	10
7783	2
5121	77
6451	5
7782	4
6454	6
5122	3
5123	212
6453	3
6456	8
5124	4
5125	82
6455	6
7778	48
6447	41
5115	23
7777	1
6446	2
5117	1
5118	18
7779	5
6448	1
5119	21
6461	11
7792	13
5130	108
6460	83
7791	33
5132	57
6462	29
7796	3
5133	6
7795	73
6464	14
6467	18
5135	3
6466	10
5136	3
7797	1
7790	10
6458	154
7789	2
5126	5
7788	66
6457	5
5127	5
5128	4
5129	6
6459	6
5140	118
6472	18
5141	12
6471	22
5142	3
6474	30
5143	24
5144	92
6475	3
5145	5
5146	4
6478	2
6477	2
6470	5
6469	9
6468	11
7799	15
5138	3
5139	17
5151	7
6483	45
5152	12
5153	5
6485	2
5154	8
6484	12
5155	116
6487	9
6486	116
6489	6
6488	33
5158	3
6481	81
5150	18
6480	3
5148	83
6479	17
5162	78
6494	151
6493	2
5163	2
6496	134
5164	5
6495	3
5166	91
6498	76
5167	3
6497	4
6490	8
5160	15
6492	6
6491	19
5161	2
5159	4
5173	187
5174	6
5175	43
5176	247
5177	152
5178	181
5179	422
5171	45
5172	43
5184	85
5185	199
5186	6
5187	50
5188	364
5189	525
2909	163
5180	66
5181	44
5182	89
5183	3
2900	201
2908	24
2907	10
2906	7
2905	6
2904	31
2903	12
2902	40
2901	7
5195	11
5196	53
5197	7
5198	11
5199	122
5190	107
5191	13
5192	3
5193	28
5194	22
2910	11
2919	4
2918	70
2917	54
2914	27
2913	15
2912	112
2922	74
2921	2
2929	2
2928	19
2926	39
2925	86
2924	3
2923	155
2933	6
1602	3
2932	164
1601	7
1600	30
2931	3
2930	2
1609	2
1608	600
2939	13
1607	4
2938	5
1606	6
1605	16
2936	18
2935	44
1604	34
1603	106
1613	61
2944	3
1612	107
1611	4
1610	47
2941	15
2940	261
1619	25
1618	42
2949	4
2948	30
1617	4
2947	15
1616	3
1615	240
2946	46
1614	113
2945	1
2955	94
1623	69
2954	4
1622	194
2953	7
1621	212
2952	3
2951	94
1620	2
2950	26
1629	25
1628	67
2958	239
1627	5
1626	5
2956	10
1625	7
2966	56
1635	1
2965	4
1633	318
2964	98
2963	108
1632	6
1631	10
2962	4
1630	5
2961	6
2960	2
1639	66
1638	64
2969	5
2968	151
1637	75
2967	316
1636	10
2980	2
2977	40
1646	99
2976	15
1645	8
1644	70
2975	2
2974	54
1643	2
2973	122
1642	2
2972	568
1641	58
2971	3
2970	2
1649	36
1648	100
2979	35
1647	36
2978	7
2991	51
1660	4
2990	6
2988	68
1657	11
2987	9
1656	1
2986	4
1655	3
2985	7
1654	60
1653	82
1652	47
2983	44
2982	5
1651	3
2981	176
1650	2
1659	3
1658	58
2989	6
1671	2
1670	27
2999	91
1668	10
1667	83
2998	6
1666	4
1665	2
2996	40
2995	15
1664	10
2994	6
1663	2
2993	46
1662	62
1661	174
2992	2
1669	39
1682	1
1681	2
1680	125
1679	126
1678	21
1677	2
1676	2
1675	6
1674	14
1672	33
1693	12
1692	30
1691	86
1690	5
1689	19
1688	171
1687	23
1686	1
1685	4
1684	20
1683	3
1699	2
1698	2
1697	173
1696	8
1695	2
1694	1
800	4
801	3
802	31
803	63
804	13
805	196
806	23
807	2
808	6
810	91
811	7
812	8
813	442
814	5
815	4
816	39
817	92
818	2
819	3
820	56
821	1
822	39
823	32
824	3
825	356
826	386
827	55
829	58
830	4
831	17
832	6
835	1
836	66
837	27
838	80
839	16
7808	20
7809	171
840	101
841	91
842	53
843	3
844	119
7800	8
845	2
7802	5
847	2
7801	4
848	16
7804	6
7803	101
849	43
7806	2
7805	4
7819	24
7818	28
850	9
851	2
852	62
853	79
854	148
855	4
856	217
7810	89
857	169
7813	53
7812	7
859	85
7815	8
7814	3
6500	14
7831	4
7830	2
7829	8
860	19
861	50
862	5
863	57
864	20
865	132
866	23
867	2
7821	1
868	30
869	26
7826	3
7828	4
7827	4
7840	10
6511	24
7842	6
6510	65
7841	1
870	66
6509	3
871	157
872	56
873	45
874	3
875	17
876	1
7833	85
6502	16
877	5
6501	74
878	50
7832	4
879	174
7835	61
6504	9
6503	66
7834	7
7837	2
6506	5
6505	92
7836	4
7839	108
6508	2
6507	2
6520	4
7851	5
7850	5
6522	39
7853	6
7852	5
6521	2
880	4
881	32
882	33
883	4
885	21
886	6
887	86
888	7
6513	2
7844	3
889	5
7843	4
6515	5
7845	2
6514	3
6517	5
7848	2
6516	3
6519	3
6518	45
7849	3
7860	58
7862	91
5200	112
6530	9
7861	7
5201	28
7864	7
6533	3
6532	5
7863	4
5202	5
890	5
891	3
892	3
893	69
895	81
896	147
897	36
898	9
6524	13
7855	74
899	42
6523	189
7854	3
6526	14
7857	11
6525	37
7856	10
6528	44
6527	7
6529	18
7871	80
7870	3
5210	195
7873	11
6542	4
6541	4
6544	2
7875	2
7874	27
6543	6
5213	5
5203	25
6535	5
5204	100
6534	6
7865	40
6537	11
7868	2
6536	5
7867	4
5207	19
6539	4
6538	33
5208	20
7869	2
5209	3
7882	76
6551	6
6550	10
5220	2
7881	4
7884	7
6553	38
5221	2
5222	67
6552	70
7883	2
6555	214
6554	53
7885	15
7877	17
5214	5
6546	3
5215	78
6545	5
7879	55
6548	15
5216	2
5217	30
6547	4
7878	1
5218	2
5219	2
6560	237
7891	3
7890	104
5230	2
7893	2
6561	2
7892	5
5231	15
5232	3
5233	220
6563	103
7894	2
6566	79
5226	111
7887	1
5227	2
5228	2
7889	1
5229	1
6571	23
6570	48
5240	4
5241	2
6573	3
6572	6
5243	31
6575	3
6574	1
5245	35
6577	18
5246	112
6576	59
7899	15
6568	5
6567	23
5238	6
5239	79
5250	24
6582	3
6581	4
5251	1
6584	6
5252	5
6583	2
5253	10
5254	380
6586	2
5255	29
6585	3
6588	4
6587	2
6580	2
5247	10
6579	3
5248	10
6578	5
5249	7
5261	5
5262	184
6592	12
5263	169
6595	69
6594	54
5264	10
5265	3
6596	311
6599	87
5267	7
6598	14
5260	12
6590	14
6589	38
5273	84
5274	5
5275	8
5276	14
5277	6
5278	5
5271	7
5269	1
5283	3
5284	1
5285	66
5286	13
5287	2
5288	180
5289	83
5280	1
5281	2
5282	4
5294	2
5295	101
5296	35
5298	19
5299	4
5290	1
5291	1
1701	217
1700	226
1709	7
1707	76
1706	106
1705	154
1712	5
1711	14
1710	2
1719	14
1718	92
1717	305
1716	30
1715	2
1714	49
1713	4
1723	117
1722	24
1720	16
1729	143
1728	5
1726	97
1725	1
1734	232
1733	105
1732	55
1731	4
1730	113
1739	3
1738	4
1737	11
1736	2
1735	3
1745	4
1744	127
1743	3
1742	11
1741	14
1740	1
1749	143
1748	101
1747	36
1746	51
1756	145
1755	2
1754	228
1753	4
1752	40
1751	57
1759	10
1758	75
1757	78
1770	14
1767	128
1766	48
1765	9
1764	6
1763	5
1762	58
1761	5
1760	7
1769	228
1768	45
1781	75
1780	50
1778	16
1777	105
1775	4
1774	98
1773	3
1772	315
1771	14
1792	135
1791	46
1789	18
1788	51
1787	75
1785	2
1784	5
1783	156
1782	3
1799	185
1798	53
1797	2
1796	46
1795	61
1794	41
1793	33
900	12
902	3
903	8
904	239
905	8
906	39
907	69
908	111
909	19
910	3
911	45
912	16
913	43
914	12
915	13
916	8
917	5
918	55
919	3
920	17
921	11
922	270
923	3
924	3
926	11
927	1
928	67
929	14
930	35
931	2
932	33
933	31
934	20
935	114
936	32
937	163
938	55
7907	20
7906	15
7909	8
7908	135
941	200
942	14
943	80
944	10
7901	52
945	42
7900	43
946	251
947	122
7903	10
7902	36
948	80
949	12
7905	2
7904	11
7919	9
950	16
951	2
7910	86
954	51
955	39
956	109
7912	57
957	9
7911	4
958	72
7914	4
959	138
7913	10
7916	4
7915	1
7930	5
7929	12
7928	35
960	132
961	25
962	3
963	50
964	9
7921	32
965	2
966	49
7920	3
967	98
7923	3
968	51
7922	5
7925	2
969	1
7924	113
7927	74
7941	4
7940	7
6609	11
6608	21
7939	3
970	12
971	163
972	50
973	6
974	200
975	66
6601	4
976	3
7932	2
6600	72
977	36
7931	4
978	213
6603	4
7934	1
7933	8
6602	2
979	29
6605	20
6604	2
7935	1
7938	6
6607	5
6606	26
7937	5
7950	3
7952	8
6621	6
6620	142
6619	142
981	57
982	116
983	13
984	13
985	57
986	121
6612	9
987	3
988	419
6611	20
7942	3
7945	12
989	74
6614	6
6613	64
7944	1
6616	36
7946	53
6615	247
6618	229
7949	2
7948	4
6617	2
6630	3
7961	121
7960	3
6632	50
5300	3
5301	172
990	6
991	42
992	2
993	514
994	120
995	27
996	415
998	43
6623	2
7954	3
7953	5
999	59
6622	6
6625	6
7956	2
6624	277
7955	5
6627	82
6626	13
7957	3
6628	30
7959	2
7970	4
6641	3
7972	3
5310	5
5311	18
6643	6
7974	1
5312	20
7973	3
6634	281
7965	49
5303	3
7964	12
6633	3
6636	9
7967	2
5305	37
6635	13
7966	1
5306	13
7969	8
6638	3
7968	6
5308	22
6639	2
5309	8
6650	1
7981	3
7980	24
5320	26
6652	3
5321	165
6651	1
7982	3
7985	2
6654	1
5322	6
5323	62
6653	1
5313	18
6645	2
7976	2
6644	5
7975	2
5314	2
7978	3
6647	1
5315	2
5316	35
6646	13
6649	41
5317	22
7979	81
6648	2
7992	64
6661	12
5330	4
6660	2
7991	4
6663	23
7994	12
4000	5
4001	40
7993	7
5332	5
6665	195
7996	16
5333	6
5334	10
7995	3
5324	21
6656	2
6655	13
7986	4
5326	27
6658	5
5327	57
6657	12
5328	4
5329	3
6670	11
6672	3
5341	84
4010	3
6671	8
4011	159
5342	47
6674	2
4012	18
5343	6
6673	1
4013	117
5344	7
6676	12
5345	4
6675	2
4014	11
5335	124
7998	4
4005	3
6666	13
5336	2
5337	3
4006	2
6668	10
4007	27
7999	1
4008	10
5339	16
4009	13
6681	3
6680	3
5350	6
5351	10
4020	7
6683	3
4021	111
6682	17
5352	8
5353	2
6685	5
5354	7
4023	4
6684	1
4024	69
5355	3
6687	1
6686	16
5356	4
4025	2
4015	4
6678	2
5346	6
5347	4
6677	2
4016	3
5348	3
6679	2
4019	3
5360	30
6692	12
6691	4
4030	20
5361	7
4031	26
5362	2
5363	3
5364	10
6696	4
6695	3
4034	5
5365	3
4035	3
6698	2
5366	4
4036	217
6697	4
5367	2
6690	2
6689	3
5357	4
4026	3
6688	1
4027	7
5358	3
4028	2
4040	266
4041	172
5372	3
4042	34
5373	1
4043	97
5374	3
4044	199
5375	33
4045	351
5376	5
4046	116
5377	5
5378	93
4047	13
5370	1
4037	681
5368	9
6699	56
4038	2
4039	18
5382	29
4051	60
5384	58
4053	6
5385	2
4055	134
5386	8
5387	34
4056	32
5388	10
4057	1
4058	30
5380	4
5381	5
4050	4
4048	2
4049	11
5393	28
4062	8
4063	41
4064	3
4065	260
5396	21
4066	6
5397	2
4067	2
5398	2
5399	7
4068	17
4069	3
5390	3
5391	64
5392	101
4061	2
4059	5
4073	170
4074	44
4075	4
4076	131
4077	103
4078	15
4079	6
4070	152
4071	128
4072	114
4085	3
4086	5
4088	44
4089	6
1809	10
4080	3
4082	19
4083	5
1800	31
1808	269
1807	11
1806	4
1805	71
1804	3
1803	34
1802	54
4095	9
4096	5
4097	4
4098	96
4099	408
4090	1
4091	3
4092	1
4093	3
1811	151
1810	3
1819	19
1816	93
1814	252
1813	59
1812	11
1822	24
1821	12
1820	135
1829	7
1828	9
1827	4
1826	3
1825	3
1823	131
1833	20
1832	13
1831	7
1830	8
1839	5
1838	98
1837	75
1836	136
1835	190
1834	4
1844	4
1842	205
1841	5
1840	7
1849	75
1848	84
1847	176
1846	3
1845	2
1855	159
1853	4
1852	3
1859	127
1858	67
1857	44
1856	5
1866	5
1865	38
1864	69
1863	3
1862	5
1861	39
1860	3
1869	5
1868	36
1867	8
1880	49
1876	4
1875	44
1874	14
1873	2
1872	8
1871	2
1870	2
1879	18
1891	45
1890	5
1888	159
1887	5
1886	7
1885	58
1884	27
1883	1
1882	3
1881	4
1889	2
1899	9
1897	2
1896	66
1895	1
1893	147
1892	7
6707	14
6709	19
6700	25
6702	15
6701	1
6703	3
6706	7
6705	3
6720	73
6719	6
6718	5
6711	10
6710	7
6713	4
6712	63
6715	110
6714	209
6717	9
6731	3
5400	6
6730	3
6729	3
6721	9
6724	10
6723	5
6726	13
6725	41
5410	3
5401	7
6732	3
6735	5
5404	209
6734	4
6737	60
5405	7
6736	126
5406	24
6739	70
6738	4
6751	3
5421	64
6753	7
6752	7
5422	1
5412	315
6744	5
5413	3
5414	3
6746	7
5415	59
6745	5
5416	4
5417	16
6747	10
5418	1
5419	14
6749	3
6760	4
5430	117
6762	8
6761	5
4100	4
5431	1
5432	74
6764	3
5423	207
6755	30
5424	1
6757	2
6756	4
5426	19
6759	41
5427	54
6758	9
5428	5
5429	5
6771	1
6770	88
5440	7
4110	152
6772	115
4111	41
5442	3
6775	6
6774	154
4103	89
6766	31
5434	8
6765	65
4104	9
5435	2
6768	4
5436	4
4105	6
6767	4
5437	84
4106	3
5438	4
4107	3
5439	131
6769	6
4108	3
4109	4
6780	101
6782	2
6781	12
4120	5
5452	104
6784	202
4121	5
6783	65
4122	4
5454	131
4123	39
4124	238
5455	9
5445	165
6777	18
6776	4
5446	37
6779	7
4116	18
5447	2
4117	27
6778	5
5448	3
5449	142
4119	11
6791	1
6790	120
5460	1
5461	2
4130	4
6793	2
5462	32
4131	1
5463	73
4132	1
6795	3
4133	5
6794	2
5465	76
4134	56
5466	65
4135	3
6788	16
4125	5
5456	1
5457	105
6787	4
4126	2
4127	78
6789	102
5459	241
4128	11
4129	1
5470	9
4140	17
5471	5
5472	20
4141	8
4142	50
5473	5
5474	9
4143	5
4144	100
5475	5
5476	3
4145	3
4146	3
5477	3
5467	23
4136	39
5468	12
4137	11
6798	2
4138	167
5469	5
4139	2
5481	8
4150	14
4151	119
5482	90
4152	59
5483	3
5484	242
4153	1
4154	5
5485	42
4155	11
5486	4
5487	80
5488	4
5480	6
5478	13
4147	2
5479	103
4148	10
4149	4
4162	133
5494	3
4163	6
4164	8
5495	4
4165	2
5496	1
4166	4
5497	2
5499	18
5490	4
5491	9
5489	19
4159	6
4173	52
4174	1
4175	84
4176	2
4177	2
4178	5
4179	136
4170	1
4171	12
4169	15
4183	18
4184	6
4185	9
4186	12
4187	14
4188	7
4189	65
1909	5
1908	77
4180	3
4181	43
1907	7
1906	4
1905	4
1903	72
1902	2
1901	42
1900	3
4194	2
4197	7
4198	3
4199	53
1919	334
4190	4
4191	393
4192	5
1918	126
1917	1
1916	2
1915	103
1914	5
1913	5
1912	5
1911	6
1921	5
1920	34
1929	5
1928	7
1927	67
1926	3
1925	28
1924	10
1923	6
1922	286
1932	3
1931	20
1930	5
1939	4
1938	3
1937	20
1935	74
1934	3
1933	3
1943	6
1941	3
1940	14
1948	18
1947	23
1946	10
1945	3
1944	5
1953	60
1952	8
1951	43
1950	12
1959	3
1958	7
1956	221
1955	10
1965	65
1964	106
1963	58
1962	45
1961	41
1960	3
1969	77
1968	3
1967	39
1966	175
1976	14
1975	6
1973	79
1972	289
1971	3
1970	1
1979	43
1978	5
1977	114
1990	190
1987	60
1986	36
1985	103
1984	59
1983	34
1982	247
1981	3
1980	84
1989	5
1988	3
1997	182
1996	2
1995	7
1994	2
1993	4
1992	158
1991	129
6807	3
6806	14
6809	29
6808	6
6801	4
6803	35
6802	6
6805	17
6804	10
6818	2
6819	5
6810	2
6812	5
6811	3
6813	6
6816	1
6815	6
6829	8
6828	1
6821	3
6822	4
6824	1
6826	2
6841	6
6840	18
5510	4
5509	72
6832	253
5500	36
5501	3
6834	6
6833	134
5503	8
5504	4
6835	2
5505	3
5506	65
6837	4
5507	2
6850	51
5520	4
5521	6
5519	1
5511	82
6843	1
5512	6
6842	4
5513	24
6845	4
5514	26
6844	2
5515	15
6847	3
6846	12
5516	5
5517	1
6848	21
5518	4
6861	7
6860	80
5530	1
5531	333
6863	7
4200	9
4201	136
5532	49
6862	3
6854	3
5522	2
5523	4
5524	685
6856	3
6855	103
5525	4
5526	8
6858	3
5527	77
5528	6
5529	151
6859	28
6870	5
5540	6
6871	4
4210	4
5541	3
4211	108
5542	3
5543	373
4212	139
6873	55
6865	28
5533	8
4202	1
5534	20
4203	4
6864	5
6867	7
4204	6
5535	1
4205	14
6866	8
5536	4
6869	96
4206	2
5537	2
4207	4
5539	57
4208	4
4209	4
6881	3
5550	21
6880	4
4220	28
5551	15
6883	6
4221	51
5552	13
4222	62
5553	79
6885	27
4223	18
5554	4
4213	3
5544	4
6876	3
5545	86
6875	104
4214	9
6878	4
4215	2
4216	18
6877	4
5548	5
4217	2
4218	28
5549	23
4219	190
6890	12
6892	22
5561	4
4231	32
5562	15
5563	145
4232	4
4233	94
6896	3
5564	18
4234	72
6895	11
5565	2
4224	26
5555	4
6886	16
4225	6
6889	17
5558	4
4228	9
5559	43
4229	14
5570	6
5571	4
5572	4
4241	1
5573	5
4242	1
4243	1
4245	3
5576	1
4235	11
5566	3
6897	84
4236	5
5567	1
5568	59
4237	7
6899	5
5569	8
4238	2
5580	2
4250	5
5581	1
5582	220
4251	1
4252	12
5583	1
5584	92
4254	16
4255	14
4256	151
5587	1
5577	9
4246	1
4247	176
5578	1
4248	1
5579	5
4249	3
5591	31
5592	33
4261	172
4263	98
5594	4
4264	1
5595	3
5596	136
4265	3
4266	125
4267	4
5598	1
5590	12
4257	13
5588	8
5589	18
4259	2
4272	7
4273	32
4274	2
4275	9
4276	142
4277	3
4278	1
5599	1
4269	114
4282	7
4284	2
4285	6
4289	88
4280	2
4279	2
4295	27
4296	4
4297	211
4298	74
4299	98
4290	112
4291	9
4292	10
6906	80
6905	4
6908	4
6907	342
6909	4
6900	49
6902	40
6901	74
6904	1
6903	1
6917	21
6916	80
6918	124
6911	10
6910	4
6913	169
6912	11
6915	4
6914	309
6928	8
6927	3
6929	4
6920	13
6922	3
6921	1
6924	45
6923	20
6926	1
5607	3
5608	24
6938	24
5609	1
6930	85
5600	12
6933	20
5601	3
5602	1
6935	5
5603	3
6934	204
5604	4
5605	144
5606	41
6936	3
6951	68
5620	56
6950	8
6949	15
5610	7
6942	15
5611	2
6941	91
5612	101
5613	4
6946	260
5614	50
6945	57
5615	10
6948	46
5616	27
5617	39
6947	2
6960	4
5630	72
6962	4
5631	5
6961	2
5629	2
6953	52
5622	3
5623	25
6955	79
5624	130
6954	10
5625	1
5626	54
6959	7
5627	7
6958	5
5628	2
6971	8
5640	61
4310	532
4311	12
6972	1
6963	2
5633	4
4303	6
5635	10
6965	4
4304	3
6968	3
4305	3
5636	2
5637	88
6967	9
4306	1
5638	47
4307	5
5639	25
6969	4
4308	11
6980	104
5650	48
6982	32
5651	94
6981	3
4320	6
6984	25
5652	2
6983	1
5653	1
4322	2
5643	14
6975	23
4312	9
5644	27
4313	8
6974	6
4314	7
5645	5
4315	110
6976	141
5646	2
6979	155
5647	13
4316	6
6978	4
5648	3
4317	4
4318	4
5649	3
4319	8
6991	39
6990	5
6993	175
5661	3
4331	28
5662	7
5663	10
4332	12
6995	4
6994	84
5664	7
4333	4
3002	103
3001	10
3000	108
4323	72
6986	5
5655	199
4324	14
6985	5
4325	4
5656	3
4326	8
5657	5
4327	3
5658	14
4328	3
5659	1
4329	10
5670	4
5671	84
4340	4
4341	57
4342	18
5673	10
4343	9
5674	7
5675	21
4344	6
3013	3
3012	5
3011	3
3010	232
3009	160
3008	6
3007	135
3006	42
3005	213
3004	11
3003	5
6997	7
5665	3
4334	2
5666	12
4335	350
6996	4
6999	5
5667	9
4336	1
6998	5
5668	6
4337	2
4338	179
5669	2
5680	73
5682	5
4351	26
5683	103
4352	3
5684	86
4353	122
4354	14
5685	2
4355	78
5686	3
3024	218
3023	3
3022	1
3021	93
3020	153
3019	5
3018	106
3017	2
3016	1
3015	109
3014	135
4345	3
5676	3
4346	6
4347	82
5678	6
5679	6
4348	2
4349	80
5690	7
5691	74
4360	1
4361	137
5692	29
5693	93
4362	3
5694	6
4363	29
4364	67
5695	4
5696	75
4365	85
5697	450
4366	2
3035	23
3034	248
3033	157
3032	312
3031	60
3030	114
3029	96
3028	362
3027	187
3026	364
3025	11
5687	1
4357	1
5688	3
5689	2
4358	3
4359	9
4370	2
4371	11
4372	3
4373	70
4375	7
4377	15
3046	12
3044	7
3043	2
3042	2
3041	23
3040	9
3039	24
3038	1
3037	13
3036	8
5698	4
4368	5
4369	7
4381	4
4382	4
4383	6
4384	112
4385	32
4386	25
3057	71
3056	124
3055	74
3054	5
3053	19
3052	4
3051	4
3050	53
4380	2
3049	8
3048	2
3047	16
4378	3
4379	9
3060	8
4393	3
4394	5
4395	6
4396	3
4397	4
4398	17
4399	3
3068	39
3066	2
3063	5
3062	57
3061	3
3059	155
4389	4
3071	2
3070	2
3078	2
3077	8
3076	1
3075	3
3074	3
3073	97
3072	31
3082	16
3081	33
3080	15
3089	335
3088	54
3087	12
3086	7
3085	1
3084	302
3083	3
3093	2
3092	191
3091	2
3090	13
3099	80
3098	47
3097	3
3096	8
3095	45
3094	9
5706	6
5707	5
5708	10
5709	24
5702	12
5703	4
5704	3
5705	31
5717	1
5718	2
5710	2
5711	2
5712	3
5713	18
5714	206
5730	1
5729	2
5720	4
5721	85
5722	6
5726	8
5740	5
5741	23
5739	148
4408	4
4409	7
4400	163
5731	9
5732	79
4401	120
4402	91
5733	3
4403	14
4404	3
5735	2
4405	2
5737	72
4406	3
5738	85
4407	5
5750	8
5751	6
5752	8
4411	18
4412	48
5743	148
4413	1
5744	2
5745	34
4414	2
4415	26
5746	4
4416	23
5747	4
4417	67
5748	4
5749	6
4418	3
5760	142
5761	12
4430	11
4431	6
4432	87
5763	4
3101	6
4422	91
5753	78
5754	6
4423	1
4424	102
5755	4
5756	28
4425	4
5757	25
4426	8
4427	2
4428	19
4429	14
5770	9
5771	13
4440	7
5772	48
4441	316
5773	200
4442	24
4443	8
5774	1
3112	3
3111	3
3110	34
3109	20
3108	10
3107	13
3106	88
3105	1
3104	38
3103	106
3102	3
4433	35
5764	5
5765	3
4434	1
4435	68
5766	1
4436	6
5767	1
5768	26
4437	103
4438	14
5769	9
5780	92
5781	2
4450	2
4451	16
5782	1
5783	30
4452	3
4453	83
5784	29
5785	3
4454	2
3123	11
3120	19
3119	3
3118	6
3117	269
3115	12
3114	75
3113	2
5775	147
4444	2
5776	80
4446	4
4447	22
5778	5
4448	181
4449	4
5790	65
4460	3
5792	8
4461	2
4462	3
5793	5
4463	131
5794	5
4464	2
5796	281
4465	7
3134	4
3133	3
3132	4
3131	3
3130	101
3129	6
3128	5
3127	20
3126	43
3125	151
3124	5
4455	34
5786	1
5787	51
4456	9
5788	5
4457	4
4458	6
5789	2
4459	8
4470	3
4471	23
4473	6
4474	3
4475	1
4476	26
3145	69
3144	221
3143	1
3142	82
3140	129
3138	9
3137	8
3136	138
3135	4
4466	37
5797	6
5798	64
4467	3
4468	58
5799	122
4469	1
4480	62
4481	6
4482	72
4483	303
4485	123
4486	38
4487	43
3156	1
3155	21
3154	1
3153	1
3152	1
3151	4
3150	84
3149	1
3148	142
3147	6
3146	6
4477	3
4478	4
4479	2
4492	6
4493	1
4494	1
4495	1
4496	5
4497	1
4498	1
3167	2
3166	4
3165	4
3164	75
3163	1
3162	1
3160	7
4490	1
3159	13
3158	3
4488	135
4489	23
3176	10
3175	55
3174	1
3173	96
3172	11
3171	8
3169	3
3168	107
3181	3
3180	115
3189	13
3188	27
3186	2
3185	2
3183	6
3182	2
3192	256
3191	160
3190	15
3199	16
3198	4
3197	6
3196	33
3195	3
3194	3
3193	18
8002	42
8000	1
8001	3
8006	3
8007	9
8005	3
8013	4
8014	7
8011	3
8012	15
8015	7
8010	5
8009	5
8024	12
8025	10
8023	3
8028	7
8027	3
8020	3
8021	7
8019	13
8035	1
8036	24
8033	5
8037	54
8038	7
8046	25
8047	38
8044	54
8045	12
8048	8
8049	7
8042	82
8043	10
8040	2
8041	5
8058	3
8055	1
8050	30
8053	26
8054	8
8051	77
8052	2
8068	10
8069	8
8066	8
8060	7
8061	15
8064	3
8065	2
8062	2
8063	4
8079	14
8077	3
8071	1
8072	2
8070	2
8075	3
8076	4
8073	41
8074	2
8088	7
8089	4
8083	68
8080	4
8081	6
8086	3
8087	1
8084	4
8085	21
5805	26
5806	242
5807	76
5808	7
5809	38
5800	472
5801	20
5802	585
5803	4
5804	142
8099	7
8093	3
8094	17
8091	2
8092	10
8097	5
8098	7
8095	3
8096	3
5816	131
5817	206
5818	177
5819	178
8090	10
5810	50
5811	200
5812	126
5813	4
5814	335
5815	8
5827	102
5828	108
5829	103
5820	29
5821	37
5822	229
5823	14
5824	113
4507	67
5838	3
5839	176
4508	1
4509	16
5830	12
4500	49
5832	9
4502	4
5833	4
5834	15
4503	5
5835	49
4504	9
5836	13
5837	44
5850	32
4510	120
5841	1
4511	19
5842	2
5844	92
5846	5
4516	2
5848	77
5860	22
4530	126
5861	2
5862	28
4531	129
3200	65
4529	42
5852	2
4521	2
5853	3
5854	1
4523	1
5855	16
4524	8
5856	3
5857	136
4526	6
4527	74
5859	24
4528	84
5871	154
4540	4
5872	161
4541	4
4542	12
5873	10
3211	3
3210	10
3208	13
3207	4
3206	4
3205	1
3203	2
3202	11
3201	4
5863	74
4532	14
4533	7
5864	7
4534	100
4535	7
5866	4
4536	329
5868	6
4538	3
3209	75
4539	1
5880	5
4550	147
4551	75
5882	2
4552	20
5883	7
4553	5
5884	5
3222	4
3221	4
3220	4
3219	3
3218	3
3217	3
3216	6
3215	5
3214	6
3213	4
3212	3
4543	6
5874	3
4544	6
5875	1
5876	2
4545	4
5877	10
4547	158
5878	3
5890	10
5891	70
4560	6
4561	9
5892	7
4562	25
4563	18
4564	61
5895	4
3233	10
3232	5
3231	3
3230	4
3229	5
3228	3
3227	37
3226	2
3225	18
3224	4
3223	4
4554	4
5885	3
5886	121
4555	3
4556	4
5887	28
4557	69
5888	1
4558	24
5889	1
4574	154
4575	2
3244	2
3243	65
3242	10
3241	4
3240	1
3239	8
3238	247
3237	3
3235	39
3234	4
5896	16
4565	3
5897	99
4566	6
4567	3
5899	7
4568	1
4569	3
4580	2
4581	3
4582	9
4583	22
4584	15
4586	14
3255	25
3253	160
3252	50
3251	89
3250	7
3249	2
3248	2
3247	4
3246	3
3245	2
4576	10
4577	4
4578	147
4591	5
4592	12
4593	3
4594	2
4595	5
4596	3
4597	2
3266	7
3265	152
3264	4
3263	5
3262	14
3261	6
3260	167
3259	9
3258	250
3257	3
3256	27
4587	177
4588	70
3277	3
3276	309
3275	19
3274	157
3273	2
3272	4
3271	20
3270	4
3269	11
3268	5
3267	4
4598	106
3280	4
3288	4
3285	17
3284	113
3282	11
3281	3
3279	8
3278	9
3291	243
3290	62
3299	3
3298	2
3297	123
3296	1
3294	6
3293	84
3292	11
8101	6
8102	9
8100	5
8105	8
8106	6
8103	7
8104	8
8112	8
8110	5
8111	10
8114	6
8115	7
8109	5
8107	28
8108	6
8124	36
8121	67
8122	38
8128	58
8126	2
8120	3
8118	2
8134	74
8135	2
8132	19
8133	5
8138	1
8139	6
8136	3
8137	2
8130	13
8131	3
8145	8
8146	5
8144	2
8149	11
8147	2
8148	15
8141	58
8140	1
8156	13
8157	7
8155	3
8158	5
8159	6
8152	24
8153	2
8150	6
8167	4
8168	75
8165	2
8166	3
8169	17
8163	72
8161	4
8162	16
8178	88
8179	3
8177	4
8170	2
8171	7
8174	123
8175	3
8173	13
8189	10
8187	2
8181	6
8182	5
8180	5
8186	13
8183	6
8184	5
5907	3
5908	29
5909	5
5902	119
5903	3
8198	49
8199	5
8192	110
8193	4
8190	10
8196	2
8197	3
8194	4
8195	5
5915	84
5916	18
5917	5
5919	8
5910	3
5911	5
5913	12
5914	2
5926	14
5927	17
5928	78
5920	13
5921	13
5922	91
5923	8
5924	2
5925	81
5937	4
5938	3
4607	3
5939	5
4608	5
4609	8
5930	7
4600	191
5931	11
5932	77
4601	3
5933	61
4602	5
5934	46
4603	4
5935	15
4604	58
5936	101
4605	13
5950	58
5949	8
4618	5
4619	2
5940	12
5941	3
5942	7
4611	7
4612	3
4613	86
5944	4
5945	13
5946	12
4615	1
5947	99
4616	13
5960	10
5961	13
4630	12
5959	3
4629	6
4620	16
5952	29
4621	15
4622	7
4623	8
5955	5
4624	10
4625	23
5956	3
4626	9
5958	10
4627	7
5970	2
4640	6
5971	2
5972	39
3310	94
3307	131
4639	9
3306	14
3305	5
3304	34
3303	3
3302	2
3301	39
3300	8
4631	37
5962	7
4632	407
5963	109
4633	17
5964	4
5965	8
5966	12
4635	3
4636	2
5967	4
3309	79
5969	67
4638	1
5980	40
4650	16
5981	7
5982	7
4651	2
5983	4
4652	6
3321	162
3320	76
3318	4
3317	24
3316	4
3315	19
3314	4
3313	33
3312	4
3311	4
5973	39
4645	38
4646	52
5977	15
4647	21
5978	4
4648	22
3319	27
4649	1
5990	4
5991	25
4660	4
4661	135
4662	151
5993	10
5994	72
4663	17
2001	156
3332	4
3331	2
2000	3
3326	26
3325	11
3324	44
3323	4
3322	3
4653	289
5984	16
4654	24
5985	3
5986	4
4655	3
5987	5
5988	9
4658	4
5989	4
4659	6
4670	4
4671	15
4672	3
4673	134
4674	9
2012	6
3343	14
3342	3
2011	7
2010	40
3341	2
3340	6
2009	96
2008	4
3339	3
3338	92
2007	29
2005	4
2004	50
3335	2
2003	103
3334	315
3333	24
2002	1
4664	8
5995	6
4665	18
4666	235
5997	2
5998	150
4667	4
5999	35
4668	3
4669	23
4681	38
4682	19
4683	3
4684	5
3354	10
2023	1
3353	3
3352	676
2021	1
3351	84
2020	4
3350	81
2019	1
3349	8
2018	5
3348	104
2017	1
2016	117
3346	96
2015	1
2014	86
3345	66
3344	2
2013	2
4675	1
4677	23
4678	16
4692	2
4693	5
4694	9
4695	3
4696	3
2034	3
2033	31
3363	2
2032	1
2031	4
3362	4
2030	4
3361	2
3360	3
2029	4
2028	2
3359	2
3358	4
2027	1
2026	3
3357	4
3356	3
2025	1
3355	10
2024	2
4686	72
4687	154
4688	79
4689	51
3376	48
2045	3
3375	73
2044	5
3374	5
3373	22
2042	6
2041	12
3371	89
2040	6
3370	3
3369	3
2038	9
2037	12
3368	3
3367	4
2036	5
3366	76
2035	2
4697	2
4698	6
4699	3
3386	19
2055	25
2054	5
3385	3
2053	57
3384	6
2052	17
3383	3
2051	3
3382	4
3381	321
2050	5
3380	56
2049	2
3379	19
3378	57
2047	3
3377	2
3390	84
3398	2
2067	2
2066	380
3397	3
2065	70
3396	3
2064	2
3395	4
3394	300
2063	34
2062	250
3393	107
3392	57
2061	11
3391	9
2060	24
2059	3
3389	6
2058	4
3388	30
2057	2
2070	3
2077	1
2076	44
2073	77
2072	213
2071	115
2069	46
2068	10
3399	5
2081	3
2089	4
2088	13
2087	3
2086	2
2085	93
2084	19
2083	2
2082	3
2079	47
2092	21
2091	70
2090	1
2099	39
2097	64
2096	5
2095	71
2094	5
2093	81
8204	24
8205	4
8202	5
8203	4
8211	17
8212	75
8215	5
8216	2
8213	4
8214	3
8209	58
8206	3
8222	10
8221	2
8226	25
8227	1
8224	73
8225	18
8219	64
8233	4
8231	4
8232	4
8237	43
8238	3
8235	16
8236	2
8229	1
8245	1
8242	7
8243	11
8248	3
8249	71
8246	22
8241	8
8255	4
8256	4
8253	6
8254	3
8251	1
8252	4
8266	2
8264	1
8265	2
8262	4
8263	25
8260	5
8261	8
8277	5
8275	18
8276	12
8270	7
8273	5
8274	2
8271	8
8272	4
8288	27
8289	3
8286	6
8287	73
8284	13
8285	10
8282	17
8283	23
8297	61
8291	108
8292	68
8290	151
8295	150
8296	23
8293	257
8294	175
4705	8
4706	85
4707	3
4708	2
4709	132
4700	3
4701	4
4702	4
4703	4
4704	2
4717	160
4718	59
4719	93
4710	12
4711	2
4712	395
4713	78
4714	5
4715	75
4727	3
4728	30
4720	4
4721	4
4723	5
4725	48
4726	29
4740	1
3406	4
4738	1
4739	15
3405	2
3404	238
3403	3
3402	164
3401	3
3400	2
4733	3
4735	287
3409	12
3408	170
4736	1
4737	4
3407	1
4750	5
4751	7
3417	145
4749	5
3416	2
3412	1
3411	1
3410	28
4741	4
4742	3
4743	3
4744	2
4745	6
4746	22
4748	122
3418	5
4760	18
4761	3
4762	5
2100	2
3427	1
3426	2
3425	1
3424	1
3423	2
3422	3
4752	3
4753	4
4754	4
4755	1
4756	50
4757	13
3429	8
4759	3
4771	2
4773	2
2111	5
3441	2
2110	2
3439	242
2108	10
3438	1
2106	63
3437	2
2105	14
3436	1
3435	74
2104	4
3434	4
2103	7
2102	156
3433	74
2101	22
4763	2
4764	124
4765	7
4766	4
4767	26
2109	112
4780	45
4781	123
4782	2
4783	5
3453	503
3452	245
2121	16
3451	127
2120	304
3450	36
2119	45
3449	424
2118	161
2117	211
3448	7
3447	456
2116	89
3446	31
2115	22
2114	189
3445	35
2113	16
3444	1
3443	230
2112	13
4774	19
4776	27
4777	66
4778	26
4779	9
4791	66
4792	154
4793	3
4794	1
4795	185
2133	215
3464	61
3463	122
2132	6
3462	92
2131	4
3461	155
2130	17
3460	133
2129	92
3459	367
2128	109
3458	142
2127	11
3457	211
2126	4
3456	573
2125	5
3455	171
3454	308
4785	2
4786	25
4788	27
2144	211
3475	3
2143	3
3473	144
2142	3
3472	26
2141	4
3471	7
3470	32
2139	4
3469	38
2138	4
2137	40
3468	4
2136	4
2135	292
3466	27
2134	123
3465	15
4796	101
4797	89
4798	82
4799	3
3486	26
2155	3
2153	9
3483	86
2152	1
2151	96
3482	27
3481	22
2150	2
3480	169
2149	3
3479	211
2148	2
3478	52
2147	2
3477	81
2146	3
2145	409
3497	3
2165	39
3496	17
3495	4
2164	4
2163	28
3494	3
3493	3
2161	5
3492	3
2160	144
3491	4
3490	4
2159	41
3489	121
2157	88
3488	23
2156	57
3487	1
2177	3
2176	19
2175	3
2174	215
2173	1
2172	46
2171	29
2170	3
2169	42
2168	36
3499	7
3498	283
2167	4
2180	4
2188	6
2187	1
2186	84
2185	17
2184	10
2183	5
2182	48
2181	48
2179	2
2178	42
2191	4
2190	1
2199	1
2198	4
2197	8
2196	1
2195	41
2194	6
2193	114
2192	14
2189	4
7000	4
7002	7
7001	9
7004	7
7003	4
7006	6
7005	110
7011	8
7010	9
7013	5
7012	70
7015	5
7014	7
7017	5
7016	4
7008	5
7007	5
7009	5
7022	5
7021	147
7024	4
7023	29
7026	26
7025	5
7028	5
7027	6
7020	8
7019	17
7018	5
7033	6
7032	6
7035	3
7034	5
7037	3
7036	7
7038	15
7031	2
7030	6
7029	6
7044	10
7043	23
7046	35
7045	53
7048	3
7047	316
7049	47
7040	48
7042	8
7041	3
7055	135
7054	125
7057	179
7056	68
7059	56
7051	3
7050	74
7053	38
7052	334
7065	3
7060	13
7062	13
7061	8
7064	5
7063	100
7079	5
7071	7
7070	4
7073	64
7072	3
7074	34
7088	54
7087	1
7089	8
7080	100
7082	5
7084	2
7086	188
7085	2
4804	3
4805	6
4806	2
4807	3
4808	77
4809	4
4800	4
4803	6
7099	21
7098	3
7090	11
7092	317
7095	4
7094	62
7096	7
4815	15
4817	4
4818	40
4819	4
4810	5
4811	127
4813	64
4814	89
4826	3
4827	116
4828	436
4829	110
4820	97
4821	2
4822	13
4824	208
4825	1
4837	5
4838	7
3504	3
4839	4
3500	4
4830	1
4831	18
4832	19
4833	20
3509	4
4834	6
3508	13
4835	5
3506	51
4836	6
4850	7
3516	158
4848	3
4849	6
3515	1
3514	3
3513	5
3512	11
3510	2
4840	10
4841	6
4842	3
4843	37
4844	8
3519	67
4845	4
4846	134
3518	9
4847	6
4860	4
4861	5
3530	6
3527	88
4859	35
3526	7
3525	20
3524	3
3523	40
3522	97
3521	48
3520	65
4851	5
4852	9
4853	7
4854	6
4855	5
4856	9
3529	114
4857	4
3528	23
4858	4
4870	2
4871	2
4872	1
2210	199
3541	177
3540	11
3538	36
3537	273
2206	48
2205	36
3536	7
3535	6
2202	26
3532	10
2201	2
3531	6
2200	5
4862	7
4863	3
4864	9
4866	10
4867	2
2209	168
4868	1
3539	6
4869	1
4880	1
4881	4
4882	9
4883	7
3552	4
2221	2
3551	4
3550	3
3549	19
2218	5
3548	58
2217	16
3547	30
2216	3
2215	27
3545	2
2214	5
3544	8
2213	2
3543	1
2212	5
2211	49
3542	5
4873	1
4874	3
4875	232
4879	61
2219	5
4890	1
4891	14
4893	10
4894	104
2232	22
3563	4
3562	253
2231	196
3561	8
2230	64
3560	24
2229	208
2228	3
3558	2
2227	10
3557	148
2226	47
2225	195
3556	29
2224	8
3555	39
3554	54
2223	68
3553	12
4884	89
4885	3
4886	1
4887	5
4889	4
2243	2
2242	20
2241	90
3571	63
2240	311
2239	4
3569	46
2238	5
2237	533
3568	348
3567	55
2236	128
2235	6
3566	3
2234	36
3565	1
2233	59
3564	6
4896	3
4897	4
4898	16
4899	298
3585	3
2254	11
2253	38
3584	2
2252	164
3583	2
2251	175
3582	1
2250	7
3580	137
2249	62
3579	4
3578	5
2247	9
2246	73
3577	1
3576	34
2244	4
2265	4
3596	2
2264	181
3595	3
3594	4
3593	32
2262	3
2261	4
3591	20
2260	4
3590	2
2259	2
2258	218
3589	9
2257	185
2256	483
3587	146
3586	313
2255	58
2276	166
2274	78
2273	58
2272	40
2270	2
2269	4
3599	1
2268	1
3598	5
2267	3
2266	4
3597	17
2287	10
2286	4
2285	148
2283	1
2282	5
2281	25
2280	2
2278	5
2277	41
2290	255
2298	72
2297	364
2296	8
2295	6
2294	50
2293	9
2292	2
2291	3
2289	124
2288	4
2299	102
100	4
101	29
102	13
103	99
104	43
105	42
106	13
107	9
108	23
109	292
110	145
111	44
112	5
113	143
114	5
115	11
116	5
117	6
118	5
119	5
120	17
121	17
122	287
123	4
124	10
125	55
126	32
127	218
128	121
129	8
7101	60
7100	26
7103	2
7104	23
130	48
132	88
133	16
134	6
135	61
136	145
137	3
138	110
139	49
7110	24
7112	1
7111	1
7114	1
7113	10
7116	75
7115	128
140	71
141	4
142	34
143	144
144	44
145	33
146	4
147	102
149	5
7107	5
7106	8
7109	2
7108	97
7121	17
7120	48
7123	1
7122	1
7125	7
7124	6
7127	10
7126	5
150	85
151	173
152	106
153	30
154	115
155	115
156	8
157	75
158	13
159	3
7118	5
7117	18
7119	61
7132	46
7131	128
7134	10
7133	6
7136	7
7135	6
7138	9
7137	5
160	3
161	53
162	6
163	36
7130	6
164	17
165	10
166	129
167	16
168	53
169	9
7129	22
7128	9
7143	64
7142	5
7145	1
7144	67
7146	21
7149	13
171	162
172	170
173	482
174	2
7140	5
175	23
176	50
177	30
178	135
179	18
7139	9
7154	3
7153	12
7156	8
7155	5
7158	2
7157	3
7159	3
180	84
181	9
182	173
183	43
7150	21
185	10
7151	3
187	60
188	8
189	4
7164	4
7167	1
7168	71
190	8
191	27
192	64
193	28
194	10
7161	6
195	3
7160	4
196	5
7163	1
7162	15
197	23
198	4
199	25
7176	9
7175	3
7178	3
7179	2
7170	4
7172	1
7171	15
7174	1
7173	2
7187	3
7186	25
7189	4
7188	28
7181	8
7180	13
7183	13
7185	46
7184	4
4903	10
4904	11
4905	6
4906	13
4908	8
4909	11
4900	5
4901	9
7198	17
7197	3
7199	3
7190	1
7192	4
7191	1
7194	4
7193	1
7195	4
4914	10
4915	16
4916	5
4917	7
4918	6
4919	8
4910	7
4911	7
4912	9
4913	7
4925	10
4926	14
4927	8
4929	99
4920	7
4921	6
4922	10
4923	11
4924	13
3604	7
4936	2
3603	17
4937	23
4938	94
3602	3
3601	69
3600	23
3609	36
4931	2
4932	4
3607	144
4933	9
4934	17
3606	2
3605	3
4935	3
4947	18
3615	312
3614	335
4948	307
3613	2
3611	26
3610	11
4940	116
4942	13
4943	54
3619	3
4944	65
3618	4
3617	3
4945	7
3616	19
4946	2
4960	13
3625	9
3624	85
3623	7
3622	32
3621	3
3620	1
4950	6
4951	2
4952	6
4953	90
4954	13
3629	49
3628	5
4957	3
