4970	1131
4971	197
3640	170
2306	675
4969	197
3638	171
3639	1415
2305	4
2304	5
2302	77
2301	74
2300	74
3630	2108
3631	5524
4962	3641
4963	959
3632	170
4964	4727
3633	3017
3634	5033
4965	193
3635	4692
4966	2577
2309	436
4967	5966
3636	1317
2308	144
2307	3297
3637	571
4980	3826
4981	4639
3650	4320
4982	2803
3651	277
2320	333
3649	168
2317	333
2316	355
2315	143
3	1789
2314	707
4	1302
2313	144
5	1078
2312	143
6	4905
2311	145
7	1468
2310	145
8	3543
3641	5691
4972	241
3642	6014
9	1987
4973	804
3643	5191
4974	2759
4975	253
3645	4476
4976	1998
3646	3248
4977	2780
3647	1211
4978	93
2319	382
3648	917
4979	91
2318	336
3660	4746
4991	272
3661	4181
4992	1756
4993	2085
3662	1586
1000	4102
2331	253
2330	336
2328	6859
2326	5456
2325	3425
2324	4137
2323	5541
2322	3912
2321	355
4983	3802
3652	276
3653	394
4985	113
3654	139
4986	3238
3655	997
4987	1613
3656	598
4988	2266
3657	349
3658	2975
4989	1183
3659	2297
2329	2881
3670	3071
3671	904
3673	864
2342	1590
1011	569
2341	3110
1010	419
2340	1784
2339	2511
1008	1536
1007	2112
2338	3554
1006	4136
2337	53
1005	948
2336	53
1004	1453
2335	52
1003	2297
2334	52
2333	2802
1002	537
2332	3144
1001	536
4994	3620
3663	672
3664	3196
4995	407
3665	2364
4996	405
3666	4678
3667	1163
4999	3762
3668	11
3669	388
1009	2421
3680	4041
3681	3248
3682	3302
3683	1578
3684	438
1022	3171
2353	113
1021	271
2352	371
1020	1073
2351	111
2350	2829
1019	16
1018	3428
2349	511
2348	2482
1017	14
1016	16
2346	223
1014	2471
2345	2640
1013	1424
2344	52
1012	3189
2343	336
3674	275
3675	198
3676	199
3677	614
3678	1967
3679	409
3690	440
3691	4904
3692	1620
3693	437
3694	437
3695	438
2364	4396
1033	789
1032	3755
2363	294
1031	3713
2362	1763
1030	1165
2361	16
2360	590
1029	3452
1028	697
2359	299
1027	657
1026	4903
2357	1180
2356	4069
1025	271
1024	3849
2355	272
1023	2299
2354	4348
3685	856
3686	589
3687	437
3688	1136
3689	940
2375	4391
1044	1583
1043	2485
2374	95
1042	2756
2373	501
1041	3119
2372	707
2371	5097
1040	31
2370	106
1039	1784
2369	5758
1038	1408
1037	4604
2368	2590
2367	813
2366	2507
1035	3377
1034	3561
2365	3614
3696	437
3697	438
3698	438
1055	6258
2386	2641
2385	2952
2384	5116
1053	2643
1052	245
1051	3319
2382	490
2381	5665
1050	3117
2380	222
1049	3412
2379	3078
1048	475
2378	934
1047	258
1046	1518
2376	3131
1045	259
2397	3340
1066	403
2396	93
1065	1052
1064	1615
2395	94
1063	2599
2394	93
1062	4585
2393	251
1061	2944
2392	93
1060	712
2391	94
2390	241
1059	556
1058	354
2389	95
2388	94
2387	3410
1077	564
1075	4278
1074	3539
1072	33
1071	32
1070	31
1068	228
2399	287
2398	6332
1067	245
1080	2838
1088	119
1087	498
1086	1128
1085	592
1084	586
1083	403
1082	479
1081	287
1079	376
1078	668
1090	331
1099	1063
1098	6086
1097	4849
1096	86
1095	1073
1094	268
1093	268
1092	1628
1089	764
200	231
201	1438
202	526
203	3092
204	4648
205	1026
206	232
207	233
208	725
209	973
210	232
211	324
212	494
213	255
214	4288
215	3304
216	2186
217	23
218	164
219	1443
221	610
222	2159
223	727
224	2126
225	312
226	2530
227	2628
228	2227
7201	2279
7204	416
7203	180
230	2809
231	2547
232	2880
233	312
234	313
235	487
236	2326
237	2975
238	441
239	315
7211	90
7210	93
7212	91
7215	315
7214	3215
240	1148
241	707
242	657
243	2569
244	530
245	540
246	2331
247	508
248	312
249	1477
7206	29
7205	30
7220	227
7222	781
7221	229
7223	205
7226	411
7225	3861
250	1602
251	942
252	1738
253	46
254	1233
255	3405
256	766
257	1668
258	1287
259	4042
7217	87
7219	329
7218	331
7231	3237
7230	599
7233	3275
7232	346
7235	349
7234	348
7237	3510
7236	1987
260	640
261	1925
263	1797
264	287
265	2492
266	875
267	287
268	458
269	1937
7228	1872
7227	938
7229	636
7241	1321
7243	1176
7246	971
7245	142
270	1410
271	3736
273	1064
7240	99
274	1671
275	3477
276	291
277	108
7239	1555
7238	2964
7253	849
7252	190
7255	26
7254	903
7257	713
280	4059
282	3027
283	133
284	379
7251	191
285	3802
7250	783
286	1552
287	38
288	36
289	35
7266	792
7265	228
7268	228
7267	227
7269	229
290	5099
291	2780
292	544
293	450
7260	269
294	223
295	480
7262	1695
296	687
297	222
298	3267
299	3613
7277	3453
7276	545
7279	3677
7278	406
7271	932
7270	544
7273	223
7286	92
7285	91
7287	90
7289	1468
7280	4170
7282	175
7281	854
7284	174
7283	91
7297	140
7296	146
7299	139
7298	633
7291	13
7290	620
7293	502
7292	102
7295	3347
7294	2395
3704	137
3705	1159
3706	133
3707	134
3708	4
3709	1329
3700	187
3701	24
3702	135
3703	132
3715	220
3717	3312
3718	229
3719	1753
3711	23
3712	22
3713	1724
3714	1193
3726	3381
3727	492
3728	4471
3729	1768
3720	3784
3722	706
3723	1533
3724	4260
3725	882
3737	827
2405	220
2404	224
2403	443
2402	74
2401	16
2400	3344
3730	491
3731	1081
2409	2206
3733	490
3735	1369
2407	1023
2406	357
3750	683
2416	3717
3748	4095
3749	1823
2415	740
2414	896
2413	463
2412	641
2411	5433
2410	4338
3742	560
3743	1421
3744	230
3745	1851
2419	6
3746	623
2418	89
2417	580
3747	980
3760	287
3761	602
2427	1649
3759	287
2426	2755
2425	941
2424	22
2423	637
2422	208
2420	15
3751	1871
3752	3667
3753	620
3754	1883
3755	4419
2429	416
3757	287
3758	286
2428	88
3770	3186
3771	361
3772	2422
2441	235
1110	86
2440	4870
2438	234
1107	85
1106	642
2437	384
1105	589
2435	3841
1104	89
1103	3400
2434	195
2433	3932
1102	1390
1101	85
1100	3216
3762	868
3763	538
3764	1485
3765	377
3766	1431
3767	2310
1109	87
3769	3369
2439	236
1108	88
3780	305
3781	154
3782	627
3783	152
2452	2668
2451	385
1120	102
2450	235
2449	234
2448	237
2447	235
2446	234
1115	4
1114	2568
2445	235
1113	1308
2444	1705
2443	234
1112	88
1111	4608
2442	234
3774	24
3775	877
3776	2101
3777	838
3779	237
3791	66
3792	4204
3794	3516
1132	3938
2463	234
2462	801
1131	1853
1130	49
2461	236
2460	233
1129	2766
1128	2087
2459	236
1127	3828
2458	1101
1126	271
2457	235
1125	3834
2456	4747
1124	2208
2455	234
1123	2514
2454	235
2453	234
3784	152
3785	3010
3786	4329
3787	6376
3788	352
2474	5082
1143	1081
1142	3332
2473	2934
2472	3041
1141	1299
1140	3059
2471	52
2470	4140
1139	165
1138	547
2469	325
1137	4420
2467	567
1135	3355
2466	234
1134	618
2465	234
1133	6902
2464	233
3795	9
3796	5301
3797	360
3798	2204
3799	676
2485	7161
1154	3064
2484	1848
1152	1784
1151	7690
2482	635
2481	1579
1150	867
2480	1426
2479	2488
1148	411
2478	494
1147	487
1146	286
2477	35
2476	1781
1145	340
1144	2214
2475	2806
1165	3720
2496	208
1164	4251
2495	43
2494	44
2493	610
1161	44
2492	42
1160	2156
2491	43
2490	3324
1159	3242
2489	92
1158	60
2488	2324
1157	3731
1156	2526
2487	286
1155	63
1176	277
1175	271
1174	273
1173	272
1172	273
1171	272
1170	301
1169	2188
2499	2533
1168	1991
1167	5380
2498	297
1166	8696
2497	2520
1187	204
1186	4060
1185	4500
1184	4135
1183	849
1182	814
1181	271
1180	274
1179	1572
1178	271
1177	271
1190	2593
1198	1859
1197	358
1196	2375
1195	528
1194	43
1193	4294
1192	1219
1191	3525
1189	57
1188	225
1199	3244
300	994
301	822
302	1493
303	279
304	3123
305	623
306	5440
307	331
308	4553
309	59
310	5299
311	6514
312	3785
313	4127
314	1420
315	3665
316	359
317	4213
318	352
319	5487
320	697
321	2449
322	2162
323	149
324	2201
325	3451
326	1017
327	857
328	1233
329	506
7301	3438
7300	139
7302	416
330	151
331	458
332	3326
333	266
334	2798
335	3130
336	2596
337	52
338	1597
339	3202
7310	68
340	1461
341	2524
342	201
343	346
344	223
345	876
346	4572
347	780
348	2274
349	856
7305	200
7304	1501
7306	1628
7309	69
7321	374
7320	23
7323	1663
350	3170
351	1334
352	424
353	494
355	83
356	2672
357	132
358	680
359	557
7316	440
7315	1133
7318	245
7317	726
7319	2019
10	2583
11	7923
7330	246
12	2555
6001	3214
13	798
7332	249
14	3955
6000	3319
15	6610
6003	69
16	1863
7333	113
6002	2
17	1473
7336	249
6005	67
18	952
6004	4037
7335	1063
19	2214
362	802
363	1707
364	1065
365	426
366	1056
367	467
368	1431
369	70
7327	529
7326	138
7329	298
20	4785
21	2377
7341	3058
22	102
6010	1182
23	2651
24	6301
7343	1184
25	2364
7342	149
26	1953
6014	75
7345	150
27	3739
6013	282
7344	309
28	3826
6016	941
7347	235
29	4584
6015	282
370	1954
371	4722
372	2656
373	1341
374	77
375	33
376	2199
377	1206
378	1169
379	1454
6007	655
6006	4965
7337	251
6009	1943
30	2596
31	691
32	1361
33	2578
7352	1354
6021	1870
6020	1902
34	1685
7351	3451
35	3849
6023	2848
7354	681
36	6234
7353	235
6022	103
37	1970
6025	1
38	2117
6024	2264
7355	233
39	2140
6027	1131
6026	433
7357	783
381	121
382	104
383	3235
7350	1400
384	106
386	674
387	930
388	582
389	736
6018	76
7349	235
6017	253
7348	283
6019	75
40	625
41	1313
42	3451
43	352
44	3153
6032	4442
7363	105
45	717
7362	2457
6031	448
46	2195
6034	203
7365	585
47	4986
6033	204
48	1421
6036	202
49	2415
6035	204
6038	831
6037	204
390	872
391	1728
392	566
393	14
394	1097
6030	204
395	3114
7360	84
396	1399
397	65
398	674
399	511
6029	2995
6028	214
7359	940
50	2097
51	1314
52	66
53	3109
54	2288
55	2907
6043	3817
7374	145
56	4614
7373	3325
6042	179
57	1077
6045	1195
7376	570
58	2732
6044	3706
59	3642
6047	2035
7378	3960
6046	609
7377	145
6049	764
6048	534
7379	764
6041	1303
7372	304
7371	67
6039	53
60	1583
61	1977
62	986
63	414
64	2192
65	459
66	3315
6054	1005
67	1027
6053	534
68	6748
7387	828
6056	9
7386	3506
6055	555
7389	2552
6058	11
6057	9
6059	1339
7381	3528
6050	533
7380	287
6052	534
7383	453
6051	535
7382	245
71	4790
72	6414
73	866
74	2875
75	2733
76	311
77	1402
78	1288
6064	536
79	2131
6067	701
7397	1614
6066	703
6069	1055
6068	2550
7390	1781
6061	397
7392	267
7391	3477
6060	396
6063	397
7394	484
7393	1871
6062	437
80	2606
81	971
82	20
83	761
84	86
85	89
86	5172
87	6120
88	89
89	3144
6075	1628
6078	1548
6077	15
6079	18
6070	959
6072	2508
6071	924
6074	255
6073	256
90	3905
91	214
92	136
93	1407
94	3083
95	2791
96	377
98	765
99	2814
6089	1
6088	180
6081	475
6080	1037
6083	1399
6082	1704
3803	4096
3804	3256
3805	95
3806	4149
3807	3795
3808	1436
3809	2287
3800	3893
3801	131
3802	743
6098	3500
6097	4110
6090	2
6092	426
6091	425
6094	3320
6093	839
6096	1210
3814	1975
3815	1207
3816	2262
3817	68
3819	942
3810	18
3811	1630
3812	4800
3813	4894
3825	780
3827	294
3829	80
3821	190
3822	1503
3823	426
3824	185
2504	5538
3836	176
2503	201
3837	177
2502	2949
2501	2738
3839	875
2500	72
3830	4391
2509	1365
2508	4519
3832	268
2507	4131
3833	300
2506	4580
3834	175
3835	4081
2505	187
3847	3736
2515	126
2514	122
3848	41
3849	2587
2513	125
2512	122
2511	3244
2510	4485
3840	167
3841	169
3842	3294
3843	4371
2519	271
2518	685
3844	88
2517	4132
3845	916
2516	5052
2526	271
3858	151
2524	906
2523	538
2522	273
2521	271
2520	272
3850	1626
3851	1589
3854	4779
3855	913
2529	272
3856	2289
2528	272
2527	688
3870	109
3871	3549
2540	274
3869	785
1206	222
2537	274
1205	220
2536	273
2535	5985
1204	3410
1203	2604
2534	273
1202	2911
1201	3740
1200	4646
2531	689
2530	271
3862	338
3863	700
3864	149
3865	281
1209	220
3867	2043
1208	219
1207	2230
2538	273
3880	1365
3881	672
3882	95
1220	1682
2551	613
2550	3706
2548	1290
2547	4733
1216	219
1215	3988
2546	2501
2545	1012
1214	381
2544	4074
1213	221
1212	1046
2543	301
1211	5161
2542	4974
1210	5759
2541	2792
3872	1745
3873	3758
3875	1042
3876	596
3877	1734
3878	287
1219	25
2549	4157
1218	2063
3890	333
3891	140
3892	4204
3893	2202
2562	568
1231	260
1230	3469
2561	255
2560	5279
1228	1948
2559	4074
2558	372
1227	258
2557	2988
1226	258
2556	219
1225	261
2555	777
1224	259
1223	259
1222	2941
1221	3057
2552	1990
3883	97
3885	3288
3886	82
3887	3302
3888	1439
3889	155
1229	258
1242	1119
2573	36
1241	3549
2572	291
2571	1782
1240	1202
2570	2934
1239	3667
2569	980
1238	259
1237	555
2568	1012
2567	1315
1236	3928
2566	3287
1235	1253
2565	9610
1234	3339
2564	3497
1233	1485
2563	248
1232	683
3894	44
3895	66
3896	67
3897	5254
3898	3559
1253	3510
2584	89
2583	538
1252	217
2582	92
1250	3036
2581	90
2580	2714
2579	3480
1248	3387
1247	4904
2578	1136
1246	514
2577	124
2576	6356
1245	805
2575	2388
1244	234
1243	3071
2574	511
2595	4771
1264	108
2594	4698
2593	4406
1262	129
1261	3245
2592	3848
2591	1483
1260	2131
1259	3545
2589	2659
1258	270
1257	271
2587	3746
1256	272
2586	216
1255	269
2585	5244
1254	271
1275	37
1274	37
1273	36
1272	36
1271	101
1270	715
1269	117
2599	3325
1268	119
1267	4353
2598	847
2597	3332
1266	1463
2596	1583
1286	4536
1285	4088
1284	3406
1282	2310
1281	947
1280	450
1279	4101
1278	2398
1277	1654
1276	38
1297	5918
1296	2725
1295	99
1294	96
1293	1884
1292	808
1291	3852
1290	1223
1287	573
1299	345
1298	211
400	868
401	65
402	1783
403	3624
404	440
405	2552
406	3420
407	5582
408	66
409	86
410	530
411	63
412	2034
413	64
414	226
415	3047
416	106
417	4262
418	78
419	179
421	755
422	1179
423	635
424	582
425	4651
426	1158
427	1671
428	1195
429	2006
7400	3590
7402	701
7401	303
430	240
431	1862
432	5246
433	1049
434	392
435	1407
436	54
437	53
438	149
439	2840
7413	208
440	1815
441	149
443	315
444	383
445	516
446	312
447	3101
448	314
7404	149
449	1100
7403	147
7405	1361
7407	485
7409	1212
7420	100
7422	2925
7421	1047
7424	980
7423	884
450	313
451	312
453	57
454	604
455	371
456	613
457	8765
458	366
7415	1061
7414	3878
7417	211
7416	115
7419	100
7418	276
7431	350
6100	3
7430	349
6101	3
7434	796
460	370
461	387
462	384
463	368
465	4283
467	1743
468	24
469	1394
7426	417
7425	1257
7428	629
7427	350
7429	353
7440	839
7442	2931
6111	1635
6110	969
7441	165
7444	512
6113	283
7443	3164
6112	284
7446	60
6114	433
7445	61
472	8
473	41
476	38
477	1200
479	902
6106	1557
6105	1772
7436	1535
6108	265
7439	554
6107	983
6109	1286
6120	145
7451	127
7450	2991
7453	124
7452	943
6121	456
6124	3878
7455	265
6123	4217
7454	124
6126	853
7457	124
7456	124
480	40
481	39
486	3
488	1948
489	185
7448	60
6116	346
7447	62
6119	856
7449	2284
6118	251
7462	124
6130	1412
7461	124
6133	293
6132	142
6135	87
7466	15
6134	916
7465	13
7468	140
7467	12
490	39
492	222
493	332
494	322
495	1172
497	337
498	392
499	1368
6128	199
7459	126
6127	319
7458	124
6129	90
7473	138
6142	89
7472	88
6141	87
6144	87
7474	138
6143	90
6146	1050
7477	140
7476	156
6145	89
6148	3047
7478	3917
6147	88
7471	1166
7470	139
6139	62
7469	138
7484	401
6153	100
7483	118
6152	99
6155	228
7486	92
7485	93
6157	750
6156	4097
7487	95
6158	227
7480	135
6151	4095
7482	117
6150	119
7481	133
6149	1203
6164	1882
7495	4
7494	5
6166	2908
7497	2759
6165	153
6168	129
7498	994
6169	455
6160	1131
7491	1747
7490	1481
7493	1999
6162	1349
6161	2336
7492	428
6175	263
6174	3262
6177	402
6176	344
6179	1011
6178	583
6170	3340
6186	584
6185	583
6188	583
6187	583
6180	976
6182	949
6181	584
6184	763
6183	582
3902	2646
3903	3916
3904	104
3905	182
3906	106
3907	106
3908	463
3909	156
3900	350
3901	107
6197	631
6196	808
6199	582
6198	3097
6191	583
6190	900
6193	583
6192	614
3914	1510
3916	3240
3917	2388
3918	658
3919	3258
3910	4874
3911	1916
3912	2315
3924	519
3925	1103
3926	3838
3927	205
3928	730
3929	464
3920	1250
3921	1380
3922	3085
3923	179
3935	82
2603	39
3936	81
3937	3457
3939	1389
2609	1042
3930	1258
2608	1325
2607	1772
3931	204
3932	468
2606	493
2605	4451
3933	1757
2604	2655
3946	3389
2614	632
2613	2809
3947	393
2612	4249
3948	2316
2611	1605
3949	1919
2610	495
2619	5013
3941	24
2618	3551
3942	1164
2617	3993
3943	173
3944	173
2616	494
2615	516
3945	208
2625	5350
3957	101
3958	4395
2624	493
2623	5102
3959	533
2621	786
2620	4089
3952	216
2629	1766
3953	214
2628	162
3954	277
2627	287
3955	341
3956	4990
2626	962
3970	3872
1305	6062
2636	147
3968	100
3969	4870
2635	146
1304	110
2634	147
1303	113
2633	147
1302	111
2632	220
1301	291
1300	221
2631	221
2630	319
3960	2446
3961	1685
3962	3972
3963	148
1309	98
3964	147
3965	4325
2639	147
1308	308
2638	1529
1307	3969
3966	68
2637	146
3967	3440
1306	1432
3980	1645
3981	376
2650	2074
2647	2975
3979	535
1316	956
1315	3457
2646	4334
2645	1139
1314	60
1313	98
2644	12
2643	3707
1312	99
2642	145
1311	114
1310	3890
2641	147
2640	145
3971	2078
3973	3014
3974	700
3976	5770
1319	5113
3977	1686
1318	159
2649	29
2648	105
3978	288
1317	59
3990	374
3991	1462
3992	1138
1330	2532
2661	96
2660	5859
1327	223
2658	6299
2657	5032
1326	1908
1325	221
2656	33
2655	4901
1324	189
2654	5360
1323	1598
2653	5386
1322	3386
2652	2697
1321	2248
2651	6453
1320	735
3982	2842
3983	647
3984	922
3985	2711
3986	377
3987	375
1329	511
1328	340
2659	1030
3989	555
1341	405
2672	1554
1340	503
2671	45
2670	1774
2669	3120
1338	283
1337	206
2668	68
2667	5307
1336	1227
1335	3080
2665	3175
1334	206
1333	197
2664	97
2663	116
1332	242
2662	3390
1331	737
3995	2752
3997	199
3998	254
3999	1128
1339	828
1352	4747
2683	1279
1351	188
2682	91
1350	3119
2680	831
1349	263
2679	380
2678	160
1346	450
2677	3005
2676	1091
1345	207
1344	215
2675	130
2674	4666
1343	719
1342	1073
2673	44
2694	2281
2693	5981
1362	538
2692	1620
1361	191
1360	4123
2691	3546
2690	1851
1359	790
2689	4338
1358	2745
1357	4731
2688	7715
2687	3572
1356	1434
2686	5434
1355	558
1354	947
2685	3257
1353	3944
2684	92
1374	7967
1373	559
1372	1740
1370	168
1369	167
1368	2922
2699	3374
1367	3123
2698	1329
2697	4400
1366	157
2696	4715
1365	1095
2695	1045
1385	5086
1384	3852
1383	346
1382	2747
1381	2787
1380	2736
1379	71
1378	3542
1377	3180
1376	71
1375	2485
1396	2601
1395	4615
1394	2805
1393	3329
1392	149
1391	53
1390	3477
1389	2238
1388	149
1387	40
1386	1964
1399	55
1398	55
1397	53
501	725
502	509
504	52
506	2817
507	49
509	23
511	352
513	370
514	1692
515	662
516	24
517	560
519	27
520	26
521	1118
522	27
523	27
524	684
525	1447
527	51
528	50
529	51
7501	87
530	553
531	51
532	549
534	693
536	673
538	916
539	345
7510	3457
7512	2559
7511	1414
540	130
541	277
542	977
543	159
544	321
545	3415
546	5160
547	159
7503	87
548	161
7502	363
549	2803
7505	143
7506	165
7509	90
7508	586
7520	869
7523	632
7522	631
550	160
551	160
552	321
553	2606
554	861
555	255
556	4182
557	61
558	62
7514	192
559	2709
7513	60
7515	59
7518	1176
7517	2299
6201	810
6200	1381
7531	128
6203	583
7534	259
6202	1160
7533	571
560	2306
561	462
562	188
563	187
564	1770
565	402
566	1313
567	1449
568	34
7525	630
569	35
7524	631
7527	82
7529	2875
7528	84
7540	125
6212	218
7545	278
6214	114
7544	3337
6213	295
570	297
571	33
572	1016
573	36
574	386
575	2265
576	85
577	87
578	86
579	3546
6205	583
7536	126
6204	2270
7535	125
6207	1113
7538	126
6206	587
7537	124
6208	847
7550	278
6221	3827
6220	1477
6223	1221
7554	472
7553	4764
6222	190
6225	974
6224	190
580	1914
581	736
582	2329
583	2874
584	1426
585	620
586	1527
587	3088
588	1225
589	1727
6216	619
7546	422
6215	108
6218	4220
7549	577
6217	1960
6219	166
7561	3052
6230	148
6232	397
7563	58
7565	404
7564	2576
7567	1994
6236	52
6235	1487
590	1943
591	90
592	1316
593	89
594	89
595	180
596	90
597	410
598	151
599	149
6227	3643
6226	2120
7557	1119
6229	4298
6228	117
6241	3686
7572	121
7571	122
6240	107
7574	2314
6243	3690
6242	826
6245	1867
7576	271
6244	81
7578	2137
6247	207
6246	3482
7577	273
7570	233
7569	1658
6239	401
7583	624
6252	103
6251	3384
6254	47
7585	148
6253	49
7587	3950
6255	2801
7586	772
6258	3
7588	2482
6257	831
7581	273
7580	2133
6248	1180
7579	955
7594	395
6263	422
7593	2335
6262	3358
6265	66
7595	180
6264	67
7598	1486
6267	2
7597	1011
6266	1
6269	1857
7599	179
7590	464
6261	2085
6259	3
6274	936
6273	150
6276	147
6275	147
6278	1127
6279	246
6270	4204
6272	4513
6271	959
6287	239
6286	773
6288	239
6281	164
6280	2928
6282	165
6296	3314
6295	1716
6298	742
6297	99
6299	4911
6292	100
6291	99
6294	102
6293	100
2702	3900
2701	1896
2700	4946
2709	114
2708	3786
2707	4951
2706	2258
2705	99
2704	3061
2703	3088
2713	5143
2711	1874
2719	1932
2718	119
2717	117
2716	119
2715	252
2724	3080
2723	92
2722	94
2721	2940
2720	2120
2729	167
2728	280
2727	4513
2725	91
1404	41
1403	3358
2734	169
1402	2084
2733	728
1401	388
2731	167
1400	370
2730	847
1409	42
2739	737
1408	42
1407	2817
2738	1022
2737	2173
1406	102
2736	2012
1405	41
2746	4414
2744	2491
1413	3078
1412	1802
1411	2688
1410	41
2741	19
2740	1753
1419	3747
1418	2396
2749	69
2748	69
2747	4561
1416	4026
2760	4161
2757	731
1426	96
1425	2320
1424	2705
2755	96
2754	3647
1423	686
2753	114
1422	77
2752	1701
1421	135
2751	1355
1420	2573
1429	428
1428	5066
2759	100
2758	269
1427	212
1440	210
2771	46
2770	2540
1437	3259
2768	3295
2767	96
1436	72
1435	1555
2766	97
2765	3784
1434	75
2764	3044
1433	380
1432	904
2763	3705
2762	811
1431	97
1430	213
2761	98
1439	2244
1438	31
2769	45
2782	147
1451	375
2781	1771
1450	320
2780	866
1448	320
2779	38
2778	1989
1447	516
2777	3098
1446	1734
1445	28
2776	64
2775	5121
1444	2094
2774	5122
1443	426
1442	2245
2773	118
1441	2845
2772	119
1449	321
1462	3310
2793	1218
2792	1806
1461	92
2791	1864
1460	93
2790	5970
1459	92
1458	93
2789	604
2788	327
1457	802
2787	3699
1456	91
1455	92
2786	84
2785	4138
1454	92
1453	4089
2784	147
2783	146
1452	180
1473	4975
1472	968
1471	4621
1470	5243
1469	994
1468	3051
2799	3131
1467	922
2798	278
2797	1714
1466	2215
1465	2373
2796	1350
1464	2849
1463	2679
2794	3723
1484	2995
1483	2186
1482	3659
1481	97
1480	1849
1478	1377
1476	2720
1474	347
1495	1174
1494	317
1493	2898
1492	5087
1490	2653
1489	3546
1488	492
1487	4369
1486	1640
1485	1944
1499	912
1498	3379
1497	3775
1496	5987
600	6314
601	1037
602	30
604	1306
605	145
606	862
607	1393
608	4150
609	1659
610	34
611	1565
612	23
613	1574
614	618
615	1288
616	1073
617	1338
618	1177
619	882
620	535
621	18
622	1461
624	1362
625	704
626	2828
627	1580
628	1393
7600	179
631	1554
632	187
633	4283
634	5417
635	3337
636	2366
637	4079
638	187
639	1452
7611	95
7610	96
7609	372
640	631
641	316
642	222
643	3894
644	3150
645	1972
646	1515
7602	37
647	2908
7601	348
7604	1148
648	225
649	1892
7605	1652
7608	292
7620	4838
650	3799
651	98
652	144
653	122
654	73
655	74
656	1886
657	1083
7613	99
658	1922
659	3318
7615	328
7614	2023
7617	323
7616	324
7619	323
7618	3121
7630	283
6302	2399
7632	5162
6301	31
661	300
662	220
663	5182
664	2658
665	3313
666	200
667	3565
668	1697
7624	3352
7623	249
669	17
7626	184
7625	730
7629	282
6311	1849
7642	995
6313	343
7644	63
6312	333
670	1065
672	60
673	2644
674	1851
675	1844
676	59
677	1967
678	40
679	634
6304	129
7634	2079
6306	3804
7637	81
6305	5227
7636	76
7639	76
6307	693
7638	76
6320	3187
7651	3326
7650	171
7653	1038
7652	1570
6321	771
6324	881
6323	3646
681	1795
682	1609
683	24
684	1566
686	3207
687	1542
688	542
689	2849
7646	2873
6315	247
6314	727
7645	66
6317	513
7648	1364
7647	2170
6316	1896
6319	292
7649	3637
7660	98
6331	279
7662	3438
6330	4082
7661	521
5000	177
6333	119
7664	263
5001	180
5002	5540
7663	262
6332	63
7666	2474
5003	338
6334	3284
7665	621
690	969
691	2595
692	622
693	7
694	1225
695	4982
696	2455
697	4852
698	1202
699	852
6326	375
6325	797
6328	3366
7659	444
7658	1920
6327	5113
6340	1214
7670	69
7673	2122
5010	1337
5011	1400
7672	125
5012	3623
7675	2249
6344	1083
5013	899
7677	1378
6346	1941
5015	1152
7676	495
6337	3921
5005	125
7668	1943
5006	2371
6339	211
7669	1051
5008	2249
5009	1523
7682	1963
6351	138
5020	5508
6350	205
7684	107
5022	5898
7683	2987
6355	374
7686	105
7685	1028
5024	657
7688	1060
5026	3646
6356	531
7687	332
7679	1637
6348	208
5016	1016
6347	3832
5017	1593
7678	390
5018	263
6349	207
5019	489
5031	127
5032	446
7695	2709
7694	2903
5033	1823
7697	1081
6366	88
5035	84
7696	200
7699	4064
5036	427
5037	4226
6367	225
7698	126
6360	2863
7691	1723
7690	214
6359	3642
5028	4526
5029	2026
5043	1437
6375	129
5044	1686
6374	130
6377	1089
5045	2050
6376	1421
5046	543
5047	223
6379	87
5048	1084
6378	131
6371	139
5040	471
5038	386
5039	643
5052	113
5053	2714
6383	431
5054	166
5055	3850
6388	3694
6387	107
5057	52
5058	3051
5059	1394
6389	110
6380	252
5050	1175
5051	747
6381	226
5063	279
6395	81
5064	1776
6394	1000
6397	83
5065	19
6396	83
5067	198
6399	82
5068	1075
6398	1577
5069	946
6391	84
5060	606
5061	3605
6393	85
5062	277
6392	83
5075	1653
5077	101
5078	243
5079	6436
5070	446
5071	195
5072	3528
5073	3676
5085	495
5086	106
5087	107
5088	109
5089	1175
5080	267
5081	892
5083	3390
5084	91
2801	2649
2809	3328
2808	609
2807	1344
2805	3344
2804	1178
2803	84
2802	1581
5096	3214
5097	132
5098	344
5099	1909
5090	381
5091	107
5092	3849
5093	132
5095	307
2811	4380
2819	4006
2818	1933
2817	23
2815	3452
2814	3356
2813	83
2823	45
2822	4691
2821	1380
2828	3461
2827	163
2826	164
2825	2659
2824	46
2834	3487
1503	177
2833	1379
1502	176
2832	2677
1501	3228
1500	3381
2831	4447
2830	3726
1509	549
2839	591
2838	3372
1507	2192
1506	3538
1505	489
1504	941
2835	59
1514	3678
2845	488
1513	1995
2844	2028
2843	1990
1512	50
2842	4265
1511	112
2841	454
1510	1428
2840	1580
1519	77
1518	2065
2849	128
1517	95
2848	128
1516	94
2847	129
1515	96
2846	128
1525	2861
2856	3478
1524	2514
2855	1496
1523	48
1522	4854
2853	128
1521	4233
2852	365
2851	4798
1520	2515
2850	130
1529	272
2859	5445
1528	25
2858	509
1527	133
2857	183
1526	495
2870	231
2867	710
1536	184
2866	836
1535	208
2865	278
1534	3040
2864	234
1533	2139
2863	530
1532	1573
2862	472
1531	2314
2861	232
1530	1585
2860	892
1539	408
1538	4491
2869	233
1537	4284
2868	232
1550	3471
2881	72
2880	3086
1547	3521
2877	3716
1546	50
2876	128
1545	51
2875	950
1543	51
1542	6179
2872	3404
1541	52
2871	6677
1540	52
1549	8704
1548	3533
2879	72
2892	234
1561	36
2891	235
1560	157
2890	233
2889	1938
1558	35
1557	1664
2888	233
1556	2615
2887	234
1555	3833
2886	504
2885	942
1554	998
1553	1703
2884	73
1552	3979
2883	2169
1551	125
2882	72
1559	36
1572	62
1571	4024
1570	288
1569	2326
2899	202
1568	37
2898	487
1566	3811
1565	2990
2896	236
1564	3165
2895	233
1563	2254
2894	235
2893	233
1583	4205
1582	1142
1581	227
1580	2870
1579	60
1578	60
1576	26
1575	143
1574	145
1573	3062
1594	3506
1593	2892
1592	3718
1591	77
1590	76
1589	912
1588	83
1587	2460
1585	4759
1584	46
1599	240
1597	2607
1596	3715
1595	1834
700	1875
701	1114
703	28
704	3965
705	2103
706	3810
707	4039
708	2616
709	28
710	4230
711	30
712	1279
713	395
714	1325
715	2203
716	78
717	1808
718	76
719	2324
720	75
721	74
722	6429
723	2039
724	317
725	1920
726	125
727	3163
728	592
729	75
730	2973
731	74
732	287
733	2759
734	75
735	73
736	289
737	6759
738	893
739	2766
7708	153
741	3129
742	4164
743	1691
744	1698
7701	2278
745	58
746	2074
7703	487
748	1952
749	4447
7705	66
7704	69
7707	3136
7706	148
7721	45
7720	55
7719	518
750	1958
751	88
752	84
753	82
754	283
755	82
756	2622
758	148
759	3649
7716	274
7715	174
7717	276
7730	1077
7732	14
6400	3180
760	1939
761	3540
762	5912
763	4814
764	3692
765	3907
766	8774
767	381
768	590
769	4818
7724	121
7727	1938
7726	3299
7729	11
7728	140
7741	232
6410	174
7740	953
7743	1374
6412	172
6411	172
7742	106
770	433
771	2290
772	462
773	102
774	99
775	344
776	99
778	2594
7734	922
7733	2495
779	1473
7736	125
7735	254
6407	2981
7738	541
7737	111
6406	147
6409	2457
6408	105
7750	177
6421	2181
7752	131
7751	81
7754	85
6423	93
6422	3651
7753	130
780	453
781	1160
782	876
783	411
784	5896
785	411
786	440
787	1788
788	4343
789	6724
6414	4401
7745	90
7744	2407
6413	172
7747	897
6416	350
6415	361
6417	3619
7761	97
6430	62
7760	97
5100	4155
6432	3395
7763	2992
7762	98
6431	62
5102	3534
7765	285
5103	4569
791	3679
792	88
793	1257
794	2357
795	3353
796	431
797	803
798	2590
799	37
7756	129
6424	2871
7755	1276
6427	1090
7758	97
7757	3079
6426	8
6429	151
7759	408
6428	478
7770	114
6441	3548
7772	998
5110	3298
6440	722
7771	591
5111	1217
6443	3762
7774	1772
6442	3340
7773	54
5112	289
6445	1102
7775	1326
5114	316
6444	252
7767	263
5104	454
6436	222
7766	692
6435	1638
5105	142
5106	4294
7769	847
6437	3807
7768	617
5109	292
6439	93
6450	164
7781	258
7780	317
5120	852
6452	212
7783	256
5121	3519
6451	167
7782	255
6454	164
5122	117
5123	5038
6453	166
6456	378
5124	115
5125	2854
6455	166
6447	2495
7778	2643
5115	1527
5116	427
7777	57
6446	250
5117	536
5118	1380
7779	301
6448	252
5119	1584
6461	1829
7792	489
5130	3992
6460	2443
7791	2472
5132	3313
6462	2139
5133	784
7796	100
7795	3329
6464	1794
6467	1129
5135	196
5136	366
7797	115
6466	73
7790	777
6458	3965
7789	100
5126	295
7788	2968
6457	237
5127	115
5128	118
6459	235
5129	117
5140	3608
6472	1895
5141	1848
6471	317
6474	2603
5142	485
5143	1076
5144	3805
5145	538
6475	862
6478	414
5146	1009
6477	413
6470	24
6469	185
7799	1866
5138	101
6468	72
5139	1049
5151	635
6483	1538
5152	445
5153	582
6485	134
5154	160
6484	996
5155	3521
6487	736
6486	2731
6489	222
6488	1899
5158	88
6481	3533
5150	1810
6480	86
5148	3608
6479	1646
5162	3530
6494	3720
6493	133
5163	87
6496	3971
5164	237
6495	141
5166	3570
6498	3414
5167	90
6497	76
6490	223
5160	905
6492	675
6491	1859
5161	88
5159	89
5173	4127
5174	1214
5175	2673
5176	4771
5177	3773
5178	4473
5179	5833
5171	2535
5172	2416
5184	2977
5185	4117
5186	371
5187	1752
5188	5511
5189	6402
2909	4796
5180	2309
5181	2395
5182	3357
5183	312
2900	4571
2908	1449
2907	1305
2906	1178
2905	539
2904	2566
2903	1366
2902	3047
2901	785
5195	408
5196	2571
5197	369
5198	1162
5199	3913
5190	3055
5191	1190
5192	312
5193	1394
5194	958
2910	262
2919	482
2918	3264
2917	2703
2916	146
2914	2224
2913	1742
2912	4016
2922	3149
2921	65
2929	125
2928	1891
2926	2552
2925	3552
2924	181
2923	4289
1602	110
2933	592
2932	4710
1601	656
1600	2003
2931	135
2930	124
1609	163
1608	6773
2939	1116
1607	216
2938	387
1606	408
2936	722
1605	386
1604	2569
2935	2068
1603	3379
1613	2818
2944	52
1612	3547
1611	109
2941	1267
1610	2162
2940	5293
1619	2488
1618	2017
2949	201
2948	1814
1617	36
1616	56
2947	1436
1615	3505
2946	2767
1614	4085
2945	50
2955	3514
1623	3163
2954	104
1622	4553
2953	1542
1621	4637
2952	104
2951	3713
1620	380
2950	1339
1629	1899
1628	2933
2958	5121
1627	105
2957	132
1626	259
2956	242
1625	185
2966	3027
1635	23
2965	103
1634	23
1633	4778
2964	3097
1632	516
2963	3429
1631	572
2962	119
1630	490
2961	117
2960	117
1639	2725
1638	2704
2969	913
2968	4314
1637	3463
2967	5533
1636	1104
2980	344
1646	3515
2977	3063
2976	1052
1645	197
1644	4054
2975	228
2974	2956
1643	163
2973	4004
1642	164
2972	6432
1641	2650
2971	566
2970	567
1649	2027
1648	3764
2979	2475
1647	2257
2978	849
2991	2607
1660	174
2990	537
2988	3494
1657	1525
2987	936
1656	58
2986	515
1655	59
1654	2637
2985	376
1653	3315
1652	2046
2983	1647
2982	108
1651	44
2981	4805
1650	90
1659	173
1658	3011
2989	1946
1671	41
1670	1661
2999	3839
1668	475
1667	3195
2998	504
1666	171
2996	2731
1665	170
2995	848
1664	681
2994	764
1663	112
1662	2328
2993	2778
1661	5121
2992	63
1669	2024
1682	57
1681	208
1680	4202
1679	4049
1678	2212
1677	288
1676	253
1675	419
1674	1468
1672	2297
1693	679
1692	1873
1691	3259
1690	147
1689	1798
1688	4414
1687	1802
1686	106
1685	62
1684	1133
1683	99
1699	240
1698	240
1697	4602
1696	601
1695	241
1694	240
800	88
801	412
802	1750
803	2262
804	427
805	4363
806	1452
807	32
808	666
810	3197
811	171
812	446
813	6017
814	169
815	130
816	2339
817	2784
818	74
819	39
820	2621
821	38
822	2135
823	1665
824	310
825	6000
826	5211
827	2794
829	1926
830	535
831	717
832	473
835	61
836	3108
837	1775
838	2589
839	1533
7808	1692
7809	4447
840	3797
841	2928
842	2447
843	94
844	3295
7800	77
845	90
7802	78
7801	77
847	89
848	563
7804	78
7803	3018
849	1844
7806	275
7805	77
7819	2079
7818	1385
850	684
851	240
852	3397
853	2502
854	4396
855	222
856	5077
7810	3205
857	3484
7813	3289
7812	535
859	3359
7815	408
7814	131
6500	714
7831	333
7830	321
7829	522
860	525
861	2971
862	144
863	2044
864	1838
865	4348
866	1760
7822	121
7821	124
867	36
868	1765
869	799
7826	14
7828	17
7827	14
7840	172
7842	641
6511	1613
6510	2644
7841	163
870	1747
6509	109
871	3542
872	2119
873	2695
874	24
875	1539
876	62
7833	3384
6502	1162
877	184
878	2471
6501	3209
7832	322
879	4718
7835	3147
6504	628
6503	3273
7834	320
7837	583
6506	111
6505	3557
7836	321
7839	3691
6508	109
6507	110
7851	216
6520	310
7850	219
6522	1448
7853	164
7852	217
6521	119
880	27
881	1960
882	1730
883	498
885	1849
886	599
887	2990
7844	537
6513	110
888	60
7843	618
889	59
6515	112
7845	592
6514	112
7848	538
6517	382
6516	110
6519	121
6518	2062
7849	218
7860	3034
7862	3760
5200	4166
6530	971
7861	169
5201	1534
7864	279
6533	73
6532	1138
7863	190
5202	222
890	63
891	59
892	75
893	2668
895	2727
896	4466
897	1656
898	1275
899	1008
7855	3390
6524	699
6523	4502
7854	96
6526	665
7857	1894
6525	2273
7856	402
6528	2728
6527	53
6529	2005
7871	3185
7870	72
5210	4677
7873	763
6542	89
6541	89
6544	256
7875	111
7874	2002
5213	72
6543	1116
5203	1496
7866	108
6535	74
5204	3591
7865	1702
6534	74
7868	71
6537	237
7867	71
6536	126
5207	1291
6539	72
6538	1448
5208	2018
7869	69
5209	213
7882	3273
6551	734
6550	922
5220	80
7881	113
6553	2538
7884	659
5221	77
6552	3421
5222	3353
7883	86
6555	4290
7886	123
7885	878
6554	2794
5224	20
7877	904
5214	71
6546	357
5215	3577
6545	512
7879	2805
6548	1014
5216	14
5217	2077
6547	256
7878	64
5218	78
5219	78
6560	4648
7891	305
7890	3514
7893	388
5230	20
5231	1274
7892	304
6561	300
5232	329
5233	4874
6563	3409
7894	303
6566	3524
6565	90
7888	125
5225	21
5226	4059
7887	122
5227	23
7889	125
5228	20
5229	19
6571	1959
6570	2853
5240	603
5241	113
6573	66
6572	64
5242	51
5243	1476
6575	75
6574	75
5244	51
5245	2818
6577	1215
5246	3791
6576	3259
7899	1566
6568	549
6567	1903
5238	653
5239	3567
5250	1691
6582	144
5251	11
6581	145
5252	11
6584	145
5253	389
6583	143
5254	5720
6586	144
5255	1556
6585	144
6588	144
6587	143
6580	144
5247	127
6579	145
5248	232
6578	144
5249	84
5261	415
5262	4232
6592	1244
5263	4275
6595	3300
6594	2958
5264	793
5265	251
6596	4224
6599	3105
5267	1033
6598	788
5260	1117
6590	1455
6589	2886
5273	3944
5274	546
5275	313
5276	962
5277	129
5278	125
5271	1082
5269	111
5283	685
5284	477
5285	3535
5286	685
5287	191
5288	4473
5289	3294
5280	191
5281	192
5282	592
5294	146
5295	3724
5296	1966
5298	1422
5299	183
5290	214
5291	215
1701	5556
1700	4495
1709	722
1708	65
1707	3371
1706	3819
1705	3891
1704	65
1703	65
1712	323
1711	1669
1710	67
1719	1318
1718	2945
1717	5419
1716	2075
1715	102
1714	2777
1713	321
1723	3653
1722	1411
1721	108
1720	1376
1729	4482
1728	19
1726	2997
1725	105
1724	107
1734	5016
1733	4404
1732	2716
1731	64
1730	4314
1739	83
1738	261
1737	693
1736	82
1735	103
1745	35
1744	3755
1743	35
1742	268
1741	946
1740	83
1749	4013
1748	4149
1747	2643
1746	2712
1756	3103
1755	77
1754	4572
1753	76
1752	2820
1751	2789
1759	485
1758	2886
1757	3187
1770	1336
1767	4511
1766	2227
1765	298
1764	232
1763	23
1762	2423
1761	68
1760	52
1769	4903
1768	2776
1781	3616
1780	2511
1778	319
1777	3356
1775	90
1774	3283
1773	96
1772	4553
1771	1162
1792	3718
1791	2685
1790	117
1789	1025
1788	2674
1787	3018
1785	85
1784	85
1783	4279
1782	209
1799	4611
1798	2789
1797	52
1796	2441
1795	2952
1794	2677
1793	1733
900	610
902	296
903	857
904	4171
905	321
906	1456
907	2498
908	3599
909	1336
910	332
911	1352
912	637
913	2556
914	1103
915	1002
916	602
917	312
918	2251
919	310
920	1302
921	643
922	4298
923	312
924	312
926	408
927	19
928	2371
929	1373
930	1789
931	173
932	2120
933	1336
934	1692
935	3311
936	2013
937	3572
938	3244
7907	1150
7906	1088
7909	236
7908	3676
940	54
941	3739
942	1443
943	2787
944	479
7901	1730
945	1852
946	4664
7900	1521
947	3940
7903	1111
948	3002
7902	1240
949	761
7905	118
7904	904
7919	198
950	671
951	62
954	1779
7910	3389
955	1946
956	3035
7912	2969
7911	67
957	230
958	2268
7914	64
959	3955
7913	1029
7916	217
7915	175
7930	445
7929	1197
7928	2233
960	3457
961	1380
962	847
963	2799
964	507
7921	2371
965	49
966	1891
7920	38
967	3785
7923	70
968	3014
7922	71
7925	70
969	99
7924	3298
7927	3090
7941	146
7940	146
6609	1583
6608	1418
7939	149
970	997
971	3568
972	2236
973	45
974	4964
975	3010
7932	492
6601	96
976	30
977	1437
6600	3278
7931	532
978	4473
7934	446
6603	95
979	1785
7933	1164
6602	94
6605	1106
7935	444
6604	94
6607	679
7938	396
6606	2536
7937	146
7950	89
6621	303
7952	741
6620	3905
6619	3039
980	38
981	2070
982	3372
983	963
984	1338
985	2212
986	3852
6612	578
987	210
988	6090
6611	1668
7942	148
6614	951
989	2671
7945	814
6613	3629
7944	79
6616	2595
6615	4343
7946	2955
6618	4040
7949	90
7948	167
6617	356
7961	3902
6630	81
7960	136
6632	2867
5300	182
5301	4165
990	25
991	1725
992	76
993	5673
994	3770
995	1582
996	6267
998	1746
7954	79
6623	5
999	2384
6622	355
7953	69
7956	79
6625	445
6624	5105
7955	79
6627	2499
6626	1055
7957	1024
6628	2159
7959	135
7970	119
6641	254
7972	4
5310	640
6643	956
5311	1477
7974	101
5312	2514
7973	2
6634	4547
7965	2891
5303	664
7964	1245
6633	304
6636	866
7967	410
5305	2904
6635	1201
7966	117
5306	1283
6638	218
7969	140
7968	546
5308	2214
5309	1313
6639	5
6650	397
7981	1
7980	1194
5320	1420
6652	397
5321	4348
6651	396
7982	2
7985	516
5322	150
6654	396
5323	3395
6653	395
5313	1413
6645	527
7976	102
5314	188
7975	100
6644	396
7978	81
5315	188
6647	398
6646	1092
5316	2058
5317	1951
6649	1910
7979	3056
6648	638
7992	3110
6661	912
5330	67
7991	335
6660	14
6663	2227
4000	583
7994	2117
4001	2581
7993	724
5332	724
6665	4378
7996	1898
5333	359
5334	665
7995	24
5324	1105
6656	34
6655	942
7986	13
6658	821
5326	1897
5327	3156
6657	921
5328	67
5329	207
6670	1295
6672	147
5341	3726
6671	482
4010	162
5342	2201
6674	150
4011	4249
6673	148
4012	1732
5343	495
4013	4207
6676	1300
5344	541
6675	149
4014	571
5345	199
5335	4145
7998	47
4005	168
5336	588
6666	456
4006	342
5337	90
6668	1609
4007	1214
7999	45
4008	1338
5339	1739
4009	1898
6681	265
5350	837
6680	336
5351	1195
4020	897
6683	25
5352	922
4021	3852
6682	1605
6685	1380
5353	172
5354	779
4023	238
6684	6
4024	3141
5355	13
6687	6
6686	1969
5356	180
4025	230
4015	760
6678	150
5346	200
6677	147
4016	352
5347	373
5348	197
6679	148
4019	164
5360	1725
6692	906
4030	1598
5361	556
6691	28
4031	2149
5362	168
5363	687
5364	2128
6696	158
6695	326
5365	197
4034	439
5366	378
6698	68
4035	58
4036	4639
5367	198
6697	66
6690	6
5357	181
4026	242
6689	5
5358	180
4027	575
6688	5
4028	229
4040	5408
5371	30
4041	4688
5372	30
4042	1702
5373	30
4043	3601
5374	31
4044	4668
5375	1785
4045	5396
5376	147
4046	3961
5377	148
4047	2118
5378	3213
5370	29
4037	6388
5368	1526
6699	2991
4038	104
4039	899
5382	1863
4051	2923
5384	3103
4053	290
5385	171
4055	3995
5386	330
4056	1685
5387	1587
5388	662
4057	169
4058	2999
5380	205
5381	458
4050	57
4048	28
4049	1293
5393	2053
4062	489
4063	2532
5395	108
4064	243
4065	5115
5396	1025
4066	1018
5397	334
5398	510
4067	243
4068	1446
5399	1459
4069	243
5390	297
5391	3038
5392	3460
4061	243
4059	922
4073	3990
4074	2710
4075	245
4076	4147
4077	3948
4078	1503
4079	382
4070	3831
4071	4108
4072	4158
4085	2
4086	330
4088	2980
4089	670
1809	193
4080	108
4082	1381
4083	145
1800	2016
1808	5126
1807	1037
1806	133
1805	3053
1804	135
1803	2074
1802	2582
4095	448
4096	360
4097	358
4098	3747
4099	6016
4090	134
4091	134
4092	137
4093	11
1811	4103
1810	137
1819	1460
1816	3775
1814	5065
1813	2784
1812	458
1822	827
1821	691
1820	3643
1829	424
1828	259
1827	312
1826	221
1825	219
1823	3954
1833	1823
1832	704
1831	623
1830	624
1839	222
1838	2488
1837	3052
1836	3850
1835	5007
1834	220
1844	74
1842	3916
1841	220
1840	321
1849	3010
1848	3387
1847	4519
1846	74
1845	73
1855	3705
1853	75
1852	76
1859	3710
1858	2864
1857	2706
1856	84
1866	65
1865	2672
1864	2427
1863	146
1862	329
1861	2099
1860	85
1869	553
1868	845
1867	106
1880	2820
1876	714
1875	2853
1874	1259
1873	286
1872	1149
1871	287
1870	288
1879	1211
1891	2492
1890	176
1888	3810
1887	269
1886	603
1885	3058
1884	2682
1883	92
1882	91
1881	90
1889	144
1899	665
1897	180
1896	3462
1895	78
1894	78
1893	3571
1892	531
6707	1111
6709	633
6700	2261
6702	1137
6701	26
6703	96
6706	411
6705	114
6720	3365
6719	434
6718	80
6711	625
6710	705
6713	513
6712	2605
6715	3970
6714	4422
6717	287
6731	203
5400	606
6730	204
6729	205
6721	1079
6724	1168
6723	699
6726	871
6725	2638
6728	320
6727	320
5410	113
5401	532
6732	204
6735	71
5404	5049
6734	783
6737	2366
5405	814
6736	3526
5406	2396
6739	3373
6738	68
6751	56
5421	2905
6753	343
6752	124
5422	237
5412	5388
6744	213
5413	1
6746	181
5414	2
5415	3181
6745	61
5416	13
6747	946
5417	1762
5418	238
5419	746
6749	21
6760	295
5430	3937
6762	554
6761	111
4100	359
5431	200
5432	2910
6764	136
5423	4502
6755	1712
5424	557
6757	2
5426	1642
6756	234
5427	2521
6759	2372
6758	771
5428	557
5429	109
6771	274
6770	3892
5440	214
4110	4187
6773	162
6772	2906
4111	2017
5442	477
6775	454
6774	4266
4103	3822
6766	1079
5434	559
6765	3592
5435	295
4104	869
5436	191
4105	155
6768	80
5437	3270
6767	242
4106	156
5438	191
4107	154
5439	3733
6769	902
4108	157
4109	157
6780	3591
6782	144
6781	891
4120	730
5452	3848
6784	4496
4121	741
6783	3212
4122	604
4123	1827
5454	4019
4124	5277
5455	1206
5445	4485
6777	1865
5446	1655
6776	558
4116	1627
6779	476
5447	170
4117	2519
6778	561
5448	479
5449	4399
4119	964
6791	11
6790	3922
5460	89
6793	178
4130	706
5461	91
5462	1596
4131	603
5463	3286
6795	265
4132	603
4133	759
6794	179
4134	3374
5465	3107
6797	228
5466	3187
4135	717
5456	518
6788	1576
4125	654
5457	3472
4126	827
6787	23
4127	3834
6789	3515
4128	1149
5459	4800
4129	623
5470	1537
5471	900
4140	1179
4141	925
5472	1416
4142	2819
5473	109
5474	986
4143	602
4144	4225
5475	331
5476	173
4145	662
5477	115
4146	605
4136	1926
5467	2015
5468	1096
4137	980
6798	225
4138	4373
5469	345
4139	604
4150	2093
5481	1104
5482	3570
4151	3999
4152	3142
5483	158
5484	4958
4153	603
5485	2236
4154	604
4155	724
5486	158
5487	3149
5488	159
5480	471
5478	1189
4147	663
5479	3868
4148	766
4149	843
4162	4140
4163	198
5494	59
4164	506
5495	539
5496	60
4165	121
5497	59
4166	121
4167	3
5499	1962
4168	3
5490	158
5491	161
5489	1123
4159	351
4173	2584
4174	168
4175	3317
4176	169
4177	169
4178	526
4179	4098
4170	13
4171	942
4169	613
4183	1293
4184	330
4185	332
4186	1072
4187	1577
4188	1191
4189	3481
1909	95
1908	2883
4180	55
4181	2260
1907	97
1906	96
1905	96
1903	2664
1902	76
1901	2305
1900	51
4194	436
4195	382
4197	923
4198	114
4199	2688
1919	5009
4190	838
4191	5496
4192	888
1918	3990
1917	75
1916	74
1915	4047
1914	254
1913	94
1912	481
1911	97
1921	114
1920	2284
1929	176
1928	980
1927	2745
1926	177
1925	2198
1924	1363
1923	300
1922	4811
1932	177
1931	1882
1930	177
1939	176
1938	175
1937	1687
1935	3509
1934	176
1933	181
1943	921
1941	56
1940	829
1948	1508
1947	2202
1946	571
1945	470
1944	572
1953	2788
1952	284
1951	2734
1950	522
1959	58
1958	60
1956	4154
1955	846
1965	2694
1964	3636
1963	2906
1962	1654
1961	2661
1960	57
1969	3244
1968	204
1967	1935
1966	3850
1976	606
1975	109
1973	3186
1972	5287
1971	1114
1970	385
1979	3229
1978	106
1977	3092
1990	4511
1987	3043
1986	1985
1985	3616
1984	3420
1983	2237
1982	4965
1981	167
1980	3282
1989	183
1988	184
1997	3945
1996	750
1995	927
1994	750
1993	474
1992	3605
1991	3653
6807	31
6806	1737
6809	1802
6808	30
6801	655
6800	226
6803	2711
6802	78
6805	1466
6804	570
6818	231
6819	112
6810	122
6812	197
6811	122
6813	691
6816	169
6815	399
6829	525
6828	80
6821	124
6822	273
6824	123
6826	543
6841	321
6840	2025
5510	77
5508	69
5509	3561
6832	4827
5500	2553
5501	320
6834	787
6833	4072
5503	282
5504	245
6836	152
5505	77
6835	149
5506	3325
5507	72
6837	131
6850	2762
5520	537
6852	105
5521	1158
5519	404
5511	3343
6843	133
5512	612
6842	133
5513	2171
6845	272
5514	1611
6844	133
5515	1515
6847	69
5516	461
6846	339
5517	404
6848	2146
5518	405
6861	183
6860	3472
5530	404
5531	5567
6863	783
4200	744
5532	2979
4201	3784
6862	137
5522	405
6854	120
5523	406
5524	6889
6856	118
6855	4040
5525	406
5526	1606
6858	261
5527	3350
5528	945
5529	4243
6859	1576
6870	520
5540	400
5541	91
4210	146
6871	4
4211	4148
5542	576
5543	5703
4212	4529
6873	3129
5533	364
6865	1520
4202	148
5534	1701
6864	369
4203	146
6867	802
5535	162
4204	237
4205	1174
5536	823
6866	437
6869	3673
5537	159
4206	149
4207	147
5539	3072
4208	314
4209	150
6881	257
5550	1560
6880	452
4220	1357
5551	949
6883	440
4221	2930
5552	960
4222	3032
6885	1855
5553	2640
4223	1112
5554	275
6884	73
5544	656
6876	194
4213	615
6875	3647
5545	3767
4214	817
6878	194
4215	313
4216	1190
6877	195
5548	274
4217	38
4218	2306
5549	1574
4219	4516
6890	1743
6892	1411
5561	145
4231	3033
5562	1407
5563	4134
4232	171
4233	3673
5564	1393
6896	540
4234	3075
5565	895
6895	618
4224	1914
5555	277
6886	939
4225	286
6889	321
5558	160
5559	2989
4228	416
4229	296
5570	726
4240	213
5571	229
4241	212
5572	228
4242	212
5573	228
4243	211
4244	212
4245	414
5576	142
5566	548
4235	1073
6897	3404
5567	71
4236	2
5568	3258
4237	10
4238	255
5569	807
6899	549
5580	129
4250	308
5581	151
5582	4611
4251	162
4252	593
5583	150
5584	3780
4254	1414
4255	986
4256	4480
5587	9
5577	974
4246	214
4247	4459
5578	77
5579	329
4248	280
4249	162
5591	2120
4260	109
4261	4246
5592	2545
4263	3855
5594	103
5595	105
4264	64
5596	3822
4265	474
4266	4108
5598	214
4267	120
5590	1299
5588	933
4257	220
5589	1464
4259	105
4272	1269
4273	1591
4274	255
4275	586
4276	4064
4277	255
4278	254
5599	214
4269	3988
4282	1242
4283	151
4284	151
4285	216
4289	3610
4280	254
4279	255
4295	2304
4296	93
4297	4812
4298	3246
4299	3883
4290	3841
4291	849
4292	1234
6906	2373
6905	277
6908	274
6907	4941
6909	275
6900	2690
6902	2011
6901	3114
6904	77
6903	2
6917	1656
6916	2754
6918	3850
6911	724
6910	275
6913	4392
6912	1314
6915	306
6914	4919
6928	144
6927	79
6929	85
6920	1078
6922	397
6921	395
6924	1878
6923	1939
6926	78
6940	53
5607	554
5608	1580
6938	1758
5609	555
6930	3502
5600	1216
6933	2197
5601	656
5602	211
6935	728
5603	325
6934	4428
5604	1018
5605	4233
5606	2082
6936	702
6951	2849
5620	2925
6950	928
6949	428
5610	955
6942	2282
5611	553
6941	3172
5612	3697
5613	557
6943	352
6946	4453
5614	3321
6945	3120
5615	1141
6948	3022
5616	1998
5617	3247
6947	77
6960	453
5630	3179
6962	451
5631	1087
6961	596
5629	172
6953	3031
5622	93
6955	3502
5623	2357
5624	3518
6954	161
5625	171
5626	3013
5627	300
6959	889
5628	169
6958	457
6971	685
5640	3153
4310	6520
6972	412
4311	1337
5633	124
6963	452
4303	1318
5635	1498
6965	423
4304	129
6968	169
4305	131
5636	76
5637	3528
6967	1428
4306	130
5638	3335
4307	342
5639	2376
4308	1006
6969	168
6980	3406
5650	2755
6982	2652
5651	3405
4320	387
6981	36
4321	355
6984	824
5652	53
6983	118
4322	82
5653	52
6975	1356
4312	847
5643	843
5644	2095
6974	454
4313	796
4314	940
5645	77
4315	4132
6976	3964
5646	85
6979	4266
4316	1325
5647	1222
4317	563
6978	149
5648	62
4318	902
5649	155
4319	1196
6991	2107
5660	409
6990	226
6993	3483
5661	431
4331	2459
5662	288
5663	1790
4332	929
6995	112
6994	3463
5664	1071
4333	615
3002	3795
3001	1573
3000	3779
4323	3009
6986	75
5655	3639
4324	1878
6985	113
5656	447
4325	1639
4326	1966
5657	638
6987	347
4327	1577
5658	1067
4328	1551
5659	299
4329	2458
5670	675
5671	3291
4340	88
4341	2853
4342	1152
5673	834
4343	888
5674	79
5675	910
4344	226
3013	105
3012	103
3011	85
3010	4942
3009	4342
3008	365
3007	4298
3006	1906
3005	4817
3004	981
3003	365
6997	839
5665	426
4334	404
5666	1345
4335	5513
6996	8
6999	148
5667	538
4336	405
5668	728
6998	150
4337	406
4338	4975
5669	377
5680	2768
4351	1926
5682	114
5683	3848
4352	178
4353	3820
5684	3708
4354	892
5685	414
4355	3577
5686	584
3024	4629
3023	699
3022	261
3021	3517
3020	4011
3019	262
3018	3514
3017	677
3016	494
3015	4081
3014	4119
5676	168
4345	352
4346	88
4347	2009
5678	4
4348	88
5679	8
4349	3186
5690	110
5691	2463
4360	93
4361	4128
5692	2260
5693	3763
4362	92
4363	2488
5694	939
4364	2658
5695	453
5696	2807
4365	3450
5697	6156
4366	281
3035	1487
3034	5081
3033	4273
3032	5550
3031	3282
3030	3549
3029	3677
3028	5560
3027	4625
3026	5753
3025	1008
5687	413
5688	416
4357	121
5689	107
4358	120
4359	945
4370	86
4371	823
4372	86
4373	3352
4375	642
4377	1540
3046	910
3044	918
3043	440
3042	442
3041	1855
3040	1055
3039	2104
3038	441
3037	1663
3036	1019
5698	453
4368	87
4369	480
4381	127
4382	125
4383	337
4384	3837
4385	2544
4386	2079
3057	3124
3056	3653
3055	2769
3054	94
3053	1403
3052	96
3051	96
3050	3012
4380	125
3049	540
3048	54
3047	1129
4378	127
4379	962
3060	513
4393	82
4394	81
4395	237
4396	83
4397	80
4398	897
4399	82
3068	2493
3066	287
3063	113
3062	2349
3061	230
3059	4106
4389	53
3071	153
3070	133
3078	375
3077	797
3076	155
3075	304
3074	154
3073	3937
3072	1990
3082	851
3081	2651
3080	1940
3089	5559
3088	3206
3087	993
3086	1025
3085	250
3084	5689
3083	398
3093	71
3092	5168
3091	248
3090	1810
3099	2922
3098	2115
3097	72
3096	410
3095	2537
3094	1445
5706	887
5707	482
5708	1429
5709	1697
5702	930
5703	135
5704	696
5705	2182
5717	438
5718	174
5710	235
5711	237
5712	235
5713	1216
5714	4957
5730	64
5729	66
5720	312
5721	3813
5722	301
5726	24
5740	738
5741	1806
5739	4174
4408	253
4409	494
4400	4445
5731	103
4401	3349
5732	3209
4402	2934
5733	136
4403	1155
5735	78
4404	109
4405	253
5737	3233
4406	376
5738	3155
4407	253
5750	771
5751	124
5752	124
4411	1298
4412	3177
5743	3948
5744	26
4413	27
5745	2070
4414	68
4415	2146
5746	180
4416	1948
5747	298
4417	3466
5748	182
5749	276
4418	28
5760	4058
5761	1022
4430	830
4431	883
4432	2873
5763	540
3101	457
4422	4021
5753	3197
5754	641
4423	103
4424	3796
5755	33
5756	1988
4425	244
5757	2025
4426	1158
4427	595
4428	1663
4429	1236
5770	672
4440	888
5771	1208
4441	5350
5772	2974
5773	4413
4442	1642
4443	1601
5774	164
3112	289
3111	219
3110	2271
3109	1571
3108	1214
3107	1492
3106	3641
3105	387
3104	2385
3103	3798
3102	35
4433	1775
5764	253
4434	636
5765	254
4435	3231
5766	3
4436	679
5767	6
5768	1327
4437	3444
4438	1280
5769	723
4439	596
5780	3463
4450	93
5781	186
4451	1221
5782	127
5783	1780
4452	91
4453	3326
5784	2186
5785	306
4454	184
3123	321
3120	659
3119	616
3118	383
3117	4695
3115	2284
3114	3666
3113	287
5775	4533
4444	595
5776	3490
4445	598
4446	672
5778	653
4447	1771
4448	4629
4449	92
5790	3000
4460	201
5792	1240
4461	166
5793	169
4462	127
4463	3854
5794	22
4464	79
5796	5166
4465	362
3134	121
3133	121
3132	568
3131	120
3130	3270
3129	516
3128	112
3127	1643
3126	2648
3125	4099
3124	514
4455	2016
5786	261
5787	2316
4456	467
5788	761
4457	184
4458	147
5789	70
4459	574
4470	26
4471	2189
4473	68
4474	589
4475	68
4476	1118
3145	3286
3144	4777
3143	190
3142	2585
3140	4114
3138	1132
3137	471
3136	3676
3135	120
4466	1999
5797	497
5798	3332
4467	68
5799	3618
4468	3266
4469	231
4480	2764
4481	227
4482	3687
4483	5443
4485	4055
4486	2504
4487	2268
3156	155
3155	1909
3154	83
3153	84
3152	75
3151	77
3150	3835
3149	76
3148	3962
3147	784
3146	163
4477	223
4478	68
4479	68
4491	462
4492	192
4493	464
4494	463
4495	465
4496	704
4497	464
4498	189
3167	112
3166	115
3165	114
3164	3554
3163	103
3162	521
3160	666
4490	461
3159	1550
3158	101
4488	4374
4489	2467
3176	1011
3175	2986
3174	281
3173	3331
3172	1363
3171	1093
3169	461
3168	3625
3181	687
3180	3648
3189	1463
3188	2468
3187	439
3186	437
3185	586
3184	436
3183	834
3182	439
3192	4760
3191	4143
3190	1806
3199	1631
3198	103
3197	389
3196	1654
3195	7
3194	8
3193	1350
8002	2572
8000	47
8001	48
8006	7
8007	358
8005	158
8013	106
8014	6
8011	105
8012	1045
8015	3
8010	162
8009	108
8024	913
8025	392
8023	111
8028	259
8027	7
8020	11
8021	194
8019	605
8035	247
8036	803
8033	641
8037	2844
8038	322
8046	743
8047	899
8044	2917
8045	440
8048	216
8049	155
8042	3283
8043	641
8040	90
8041	449
8057	66
8058	440
8055	66
8056	66
8050	1659
8053	1056
8054	403
8051	2945
8052	156
8068	1687
8069	528
8066	1121
8060	315
8061	1203
8064	213
8065	214
8062	214
8063	334
8079	803
8077	135
8071	147
8072	145
8070	146
8075	11
8076	9
8073	2349
8074	8
8088	226
8089	1
8083	3143
8080	69
8081	70
8086	110
8087	114
8084	111
8085	1179
5805	1452
5806	4613
5807	3483
5808	707
5809	2312
5800	5530
5801	1774
5802	6159
5803	459
5804	4042
8099	699
8093	489
8094	522
8091	487
8092	1083
8097	383
8098	696
8095	488
8096	486
5816	4010
5817	4795
5818	4503
5819	3944
8090	989
5810	2645
5811	4248
5812	3781
5813	364
5814	5513
5815	413
5827	3634
5828	3595
5829	3844
5820	1295
5821	2647
5822	4823
5823	1112
5824	3756
5840	54
4507	3128
5838	187
5839	4186
4508	109
4509	872
5830	1527
4500	2897
5832	1130
4502	168
5833	46
5834	447
4503	119
5835	2629
4504	312
5836	1117
5837	2472
5850	1976
4510	3928
5841	56
4511	1495
5842	55
5844	3900
5846	155
4516	55
5848	3085
5860	2364
4530	4265
5861	173
5862	2786
4531	3942
3200	3085
4529	2817
4521	391
5852	84
5853	83
5854	83
4523	125
4524	1390
5855	1249
5856	165
5857	3763
4526	351
4527	3428
4528	3739
5859	665
5871	4353
4540	8
5872	4194
4541	7
4542	835
5873	519
3211	664
3210	1232
3208	838
3207	72
3206	72
3205	49
3204	98
3203	99
3202	1158
3201	601
5863	3240
4532	834
4533	213
5864	91
4534	3851
4535	592
5866	94
4536	5358
5868	233
4538	214
3209	2792
4539	30
5880	608
4550	4039
4551	3568
5882	468
4552	1457
5883	416
4553	476
5884	328
3222	552
3221	549
3220	548
3219	551
3218	551
3217	548
3216	699
3215	548
3214	549
3213	549
3212	549
4543	560
5874	99
5875	99
4544	24
4545	148
5876	97
5877	583
4547	4506
5878	99
5890	1098
4560	536
5891	3109
4561	591
5892	794
4562	2315
4563	1082
4564	2923
5895	170
3233	363
3232	44
3231	44
3230	42
3229	42
3228	200
3227	2376
3226	201
3225	1592
3224	549
3223	549
5885	267
4554	61
5886	3791
4555	62
5887	2538
4556	61
4557	3074
5888	83
4558	2362
5889	85
4574	4681
4575	371
3244	2
3243	2919
3242	1186
3241	71
3240	73
3239	341
3238	4954
3237	727
3235	2322
3234	44
4565	407
5896	769
5897	3802
4566	568
4567	640
5899	332
4568	334
4569	141
4580	177
4581	333
4582	771
4583	2223
4584	1523
4586	1207
3255	2181
3253	4044
3252	2516
3251	3455
3250	717
3249	414
3248	161
3247	376
3246	218
3245	4
4576	1417
4577	242
4578	4285
4591	503
4592	969
4593	28
4594	196
4595	675
4596	197
4597	196
3266	1390
3265	3815
3264	142
3263	144
3262	2030
3261	141
3260	4267
3259	701
3258	5391
3257	97
3256	2464
4587	4275
4588	3141
3277	493
3276	4978
3275	1961
3274	4915
3273	498
3272	528
3271	2179
3270	823
3269	1454
3268	889
3267	95
4598	3500
4599	210
3280	629
3288	171
3285	1476
3284	3985
3282	985
3281	495
3279	536
3278	632
3291	5206
3290	3055
3299	121
3298	123
3297	3851
3296	503
3294	130
3293	3079
3292	1128
8101	697
8102	697
8100	697
8105	698
8106	695
8103	696
8104	697
8112	739
8110	697
8111	892
8114	698
8115	696
8109	696
8107	1286
8108	697
8124	2447
8121	3136
8122	2694
8128	2934
8126	90
8120	86
8118	88
8119	88
8134	3265
8135	106
8132	2141
8133	41
8138	107
8139	657
8136	107
8137	107
8130	1810
8131	50
8145	110
8146	141
8144	83
8149	780
8147	30
8148	1876
8141	3224
8142	83
8140	83
8156	590
8157	525
8155	326
8158	323
8159	323
8152	850
8153	160
8150	30
8167	103
8168	2875
8165	48
8166	104
8169	2164
8163	3074
8161	68
8162	451
8178	2846
8179	87
8177	87
8170	126
8171	240
8174	3537
8175	47
8172	125
8173	507
8189	362
8187	141
8181	88
8182	87
8180	91
8186	737
8183	90
8184	89
5907	185
5908	1777
5909	241
5902	3943
5903	254
8198	2849
8199	42
8192	3169
8193	337
8190	274
8196	61
8197	59
8194	109
8195	110
5915	1992
5916	1144
5917	386
5919	763
5910	1551
5911	241
5913	1447
5914	504
5926	974
5927	1164
5928	3373
5920	654
5921	979
5922	3456
5923	786
5924	96
5925	3002
5937	337
5938	413
4607	165
5939	457
4608	164
4609	336
5930	547
4600	4245
5931	1300
5932	3806
4601	109
5933	3255
4602	274
5934	2423
4603	21
4604	3230
5935	1106
5936	3478
4605	2085
5950	3128
4617	151
4618	796
5949	365
4619	22
5940	1444
5941	339
4611	455
5942	482
4612	86
5943	33
4613	3568
5944	112
5945	956
5946	274
4615	151
4616	1352
5947	3540
5960	371
4630	1520
5961	1283
5959	130
4629	235
4620	2282
5952	1402
4621	1999
4622	236
4623	774
4624	847
5955	840
4625	1836
5956	361
4626	999
4627	236
5958	260
5970	9
4640	226
5971	9
5972	1920
4641	72
3310	3567
3307	3526
4639	778
3306	1009
3305	1735
3304	2582
3303	119
3302	120
3301	2146
3300	365
4631	2810
5962	158
4632	5662
5963	3289
4633	973
5964	131
5965	996
5966	783
4635	25
5967	138
4636	71
3309	3780
5969	2898
4638	17
5980	3021
5981	902
4650	1955
4651	585
5982	578
4652	1319
5983	337
3321	4228
3320	3020
3318	568
3317	1762
3316	1079
3315	1648
3314	569
3313	2599
3312	569
3311	298
5973	2547
4644	246
4645	2356
4646	2944
5977	1972
4647	2531
5978	205
4648	2285
3319	2469
4649	83
5990	338
5991	2140
4660	142
4661	4403
5992	80
5993	1149
4662	4667
4663	1688
5994	3158
2001	4100
3332	115
2000	150
3331	116
3326	1600
3325	1125
3324	2847
3323	284
3322	114
4653	4970
5984	1499
4654	1471
5985	337
4655	599
5986	336
5987	336
5988	561
4658	724
5989	342
4659	655
4670	231
4671	936
4672	467
4673	3120
4674	398
3343	1223
2012	476
3342	239
2011	368
3341	240
2010	2281
3340	989
2009	4084
3339	240
2008	137
3338	3555
2007	2312
2005	97
2004	3099
3335	115
3334	5463
2003	3972
3333	1441
2002	43
4664	1050
5995	493
4665	1244
4666	4980
5997	141
5998	4266
4667	228
5999	2136
4668	228
4669	1635
4681	2003
4682	1091
4683	173
4684	745
3354	1691
2023	139
3353	1551
3352	6821
2021	139
3351	3486
2020	137
3350	3243
2019	139
3349	670
2018	340
3348	3570
2017	137
2016	3970
3346	3553
2015	137
3345	2607
2014	3872
3344	240
2013	139
4675	276
4677	2117
4678	1843
4692	172
4693	236
4694	170
4695	171
4696	170
2034	138
2033	2519
2032	140
3363	169
2031	139
3362	87
2030	137
3361	162
3360	89
2029	433
2028	125
3359	88
2027	138
3358	88
2026	143
3357	142
2025	138
3356	89
3355	209
2024	138
4686	3377
4687	4417
4688	3040
4689	2835
3376	2846
2045	137
3375	2681
2044	341
3374	348
3373	1306
2042	341
2041	1144
3371	3458
2040	138
3370	92
2038	381
3369	90
2037	1203
3368	91
2036	338
3367	261
3366	3825
2035	138
4697	171
4698	169
4699	171
2056	87
3386	2142
2055	2031
2054	465
3385	359
2053	3186
3384	817
2052	1265
3383	560
2051	177
3382	360
3381	4857
2050	695
3380	3124
2049	520
3379	1772
3378	3333
2047	126
3377	759
3390	2691
2067	421
3398	108
2066	5305
3397	580
2065	3457
3396	193
2064	672
3395	108
3394	5390
2063	1467
2062	4477
3393	3931
3392	2477
2061	490
3391	758
2060	2004
2059	845
3389	485
2058	87
3388	2893
2057	87
2070	78
2077	134
2076	2810
2073	2691
2072	4056
2071	3496
2069	1844
2068	365
3399	273
2081	69
2089	60
2088	476
2087	59
2086	60
2085	2668
2084	608
2083	955
2082	72
2079	2312
2092	460
2091	3220
2090	60
2099	1393
2097	2760
2096	239
2095	2672
2094	236
2093	3132
8204	1116
8205	102
8202	103
8203	102
8211	470
8212	3216
8215	74
8216	73
8213	227
8214	281
8209	2978
8206	102
8222	583
8221	67
8226	1439
8227	128
8224	2976
8225	1074
8219	2946
8233	98
8231	100
8232	101
8237	2391
8238	278
8235	479
8236	54
8229	76
8244	86
8245	85
8242	93
8243	510
8248	77
8249	2797
8246	1387
8241	173
8255	306
8256	304
8253	306
8254	306
8251	210
8252	304
8266	67
8264	67
8265	69
8262	49
8263	636
8260	56
8261	57
8277	1085
8275	758
8276	531
8270	154
8273	117
8274	18
8271	503
8272	115
8288	1228
8289	349
8286	1019
8287	2126
8284	677
8285	636
8282	979
8283	483
8297	2912
8291	3345
8292	3273
8290	3739
8295	4277
8296	1625
8293	4557
8294	4428
4705	483
4706	3607
4707	170
4708	170
4709	4113
4700	173
4701	170
4702	170
4703	171
4704	170
4716	107
4717	4716
4718	1995
4719	3823
4710	934
4711	172
4712	6138
4713	3346
4714	770
4715	3726
4727	24
4728	1355
4720	407
4721	545
4723	180
4725	2363
4726	1293
4740	275
3406	932
4738	275
4739	1490
3405	170
3404	5015
3403	576
3402	4494
3401	107
3400	108
4733	690
4735	4937
3409	2074
3408	4297
4736	278
4737	375
3407	170
4750	335
4751	928
3417	4402
4749	246
3416	228
3412	98
3411	101
3410	1551
4741	718
4742	813
4743	513
4744	570
4745	778
4746	1712
4748	3741
3418	229
4760	1134
4761	670
4762	671
2100	27
3427	229
3426	229
3425	250
3424	229
3423	230
3422	935
4752	163
4753	161
4754	161
4755	135
4756	3099
4757	553
3429	877
4759	132
4771	834
4773	32
2111	762
2110	601
3441	493
3440	438
3439	5042
2108	1121
3438	440
2106	3063
3437	438
2105	776
3436	438
3435	3309
2104	116
2103	168
3434	94
2102	4103
3433	3516
2101	1814
4763	670
4764	4266
4765	858
4766	670
4767	2668
2109	4150
4780	3032
4781	4131
4782	211
4783	1087
3453	6536
3452	5361
2121	1827
2120	5126
3451	3518
3450	1775
2119	2616
3449	5874
2118	4346
2117	4568
3448	277
3447	6262
2116	3471
3446	2210
2115	1886
3445	2748
2114	4274
2113	752
3444	526
3443	5023
2112	700
4774	1014
4776	2273
4777	3108
4778	2395
4779	635
4790	95
4791	2999
4792	4648
4793	187
4794	96
4795	4833
2133	4036
3464	3593
3463	3721
2132	475
3462	3383
2131	474
3461	4272
2130	1017
3460	4015
2129	3760
3459	5678
2128	3412
3458	4583
2127	1242
3457	4636
2126	474
3456	6749
2125	576
3455	3984
3454	5525
4785	95
4786	1949
4787	97
4788	1087
4789	144
2144	5038
3475	406
2143	95
3473	3839
2142	349
3472	2102
2141	337
3471	798
3470	1892
2139	272
3469	2492
2138	123
2137	2699
3468	264
3467	135
2136	46
2135	5936
3466	2679
2134	4131
3465	1182
4796	3513
4797	3587
4798	3413
4799	242
3486	2596
2155	77
2153	692
3483	3535
2152	182
2151	3371
3482	2087
3481	1564
2150	96
3480	4282
2149	126
3479	5144
2148	97
3478	2825
2147	96
3477	2815
2146	96
2145	6276
3497	230
2165	2783
3496	1200
2164	122
3495	356
2163	1528
3494	228
3493	229
2161	236
3492	637
2160	4889
3491	334
3490	337
2159	1183
3489	3604
2157	3282
3488	1568
2156	2070
3487	117
2177	141
2176	1875
2175	19
2174	4601
2173	278
2172	2549
2171	1588
2170	366
2169	1927
2168	2428
3499	396
3498	5435
2167	45
2180	35
2188	568
2187	153
2186	3191
2185	347
2184	258
2183	18
2182	2011
2181	2634
2179	37
2178	2870
2191	152
2190	151
2199	76
2198	124
2197	476
2196	334
2195	1476
2194	423
2193	3564
2192	534
2189	152
7000	148
7002	426
7001	148
7004	149
7003	151
7006	149
7005	3657
7011	1759
7010	149
7013	148
7012	3394
7015	148
7014	259
7017	150
7016	150
7008	149
7007	148
7009	150
7022	153
7021	3823
7024	534
7023	1438
7026	972
7025	149
7028	152
7027	148
7020	394
7019	438
7018	148
7033	7
7032	5
7035	579
7034	1025
7037	368
7036	384
7038	646
7031	4
7030	431
7029	632
7044	207
7043	711
7046	1541
7045	1497
7048	55
7047	4552
7049	1094
7040	2561
7042	315
7041	10
7055	2814
7054	3467
7057	3822
7056	2426
7059	2800
7051	56
7050	3499
7053	1721
7052	4712
7065	1550
7060	1091
7062	992
7061	432
7064	1693
7063	3730
7079	229
7071	486
7070	154
7073	2879
7072	57
7074	2194
7088	2791
7087	327
7089	404
7080	2682
7082	77
7084	247
7086	3265
7085	246
4804	74
4805	143
4806	75
4807	76
4808	3464
4809	852
4800	253
4801	282
4803	76
7099	1408
7098	67
7090	2219
7092	5158
7095	306
7094	3283
7096	831
4815	1559
4816	117
4817	115
4818	2582
4819	97
4810	128
4811	4079
4813	2613
4814	3766
4826	111
4827	4020
4828	5762
4829	3162
4820	3547
4821	243
4822	1725
4823	87
4824	4676
4825	230
4837	740
4838	630
3504	246
4839	548
3500	229
4830	24
4831	2108
4832	1416
4833	1401
3509	260
3508	2063
4834	548
4835	550
3506	3090
4836	549
4850	676
3516	3980
4848	550
4849	630
3515	282
3514	164
3513	637
3512	1281
3511	166
3510	168
4840	845
4841	549
4842	596
4843	3099
4844	631
3519	3640
4845	549
4846	4363
3518	1142
4847	549
4860	786
4861	549
3530	580
3527	3197
4859	2206
3526	1098
3525	1248
3524	88
3523	1796
3522	3978
3521	2821
3520	2937
4851	690
4852	854
4853	1145
4854	633
4855	813
4856	734
3529	3945
4857	550
3528	2419
4858	548
4870	354
4871	285
4872	282
2210	4562
3541	4163
3540	560
3538	2595
3537	5034
2206	2651
3536	741
2205	2069
3535	578
2204	48
2203	47
2202	2158
3532	492
2201	25
2200	316
3531	270
4862	1123
4863	548
4864	701
4866	1271
4867	282
2209	4167
4868	283
4869	281
3539	512
4880	541
4881	635
4882	974
4883	680
3552	173
2221	58
3551	170
3550	171
3549	1818
2218	42
3548	2747
2217	1126
3547	2644
2216	55
2215	1555
3545	483
2214	346
3544	790
2213	96
3543	566
2212	97
2211	2691
3542	1232
4873	282
4874	507
4875	4779
4876	174
4879	3249
2219	40
4890	77
4891	1448
4893	827
4894	2968
3563	412
2232	469
2231	4338
3562	4841
2230	2747
3561	522
3560	2340
2229	4580
2228	38
2227	478
3558	68
2226	3092
3557	3866
2225	4647
3556	1479
3555	2571
2224	595
3554	3182
2223	3175
3553	956
2222	56
4884	3326
4885	871
4886	175
4887	553
4889	281
2243	19
2242	1743
2241	3287
2240	5982
3571	3437
2239	76
3569	3286
2238	76
3568	5648
2237	6323
2236	2884
3567	3155
2235	137
3566	287
2234	2047
3565	286
2233	2460
3564	384
4896	367
4897	162
4898	741
4899	5118
2254	694
3585	230
2253	2645
3584	149
2252	4220
3583	529
2251	4031
3582	148
3581	150
2250	201
3580	3948
2249	2489
3579	152
2247	153
3578	116
2246	3246
3577	163
3576	2723
2244	267
2265	98
3596	95
2264	4665
3595	325
3594	183
3593	2295
2262	95
2261	96
3592	8
3591	1409
2260	95
3590	18
2259	67
2258	5000
3589	682
2257	4580
2256	5971
3587	3967
3586	5350
2255	1811
2276	4904
2274	2427
2273	3453
2272	2908
2270	70
2269	155
2268	70
3599	98
3598	738
2267	70
3597	2300
2266	76
2287	739
2286	929
2285	3976
2283	367
2282	772
2281	2383
2280	6
2278	625
2277	2738
2290	4698
2298	2703
2297	5900
2296	355
2295	272
2294	2840
2293	197
2292	96
2291	96
2289	4036
2288	274
2299	3962
100	252
101	838
102	537
103	3795
104	1698
105	1937
106	1013
107	127
108	353
109	5030
110	2889
111	1409
112	56
113	4384
114	57
115	107
116	134
117	56
118	57
119	57
120	1434
121	377
122	5559
123	61
124	79
125	1776
126	2376
127	5577
128	3616
129	356
7101	2981
7100	1275
7103	87
7104	1200
130	2088
132	2985
133	525
134	72
135	1423
136	4408
137	55
138	2324
139	1669
7110	2333
7112	126
7111	127
7114	127
7113	1007
7116	3127
7115	3925
140	1441
141	55
142	1381
143	3945
144	1457
145	1821
146	109
147	3674
149	154
7107	89
7106	351
7109	182
7108	3280
7121	809
7120	2812
7123	58
7122	58
7125	695
7124	697
7127	788
7126	875
150	2902
151	2932
152	2377
153	1442
154	3380
155	3753
156	269
157	2629
158	472
159	24
7118	71
7117	1221
7119	3246
7132	1816
7131	3814
7134	785
7133	697
7136	763
7135	696
7138	738
7137	696
160	27
161	1843
162	147
7130	849
163	2026
164	644
165	165
166	4852
167	868
168	2159
169	387
7129	1246
7128	827
7143	3048
7142	329
7145	71
7144	3350
7146	1401
7149	824
171	3575
172	4396
173	6263
174	17
175	1233
7140	696
176	1823
177	1068
178	3507
179	1125
7139	830
7154	281
7153	1204
7156	282
7155	281
7158	281
7157	282
7159	282
180	3057
181	458
182	4413
183	1730
7150	839
185	743
7151	171
187	2322
188	894
189	231
7165	372
7164	652
7167	74
7166	74
7168	3383
190	270
191	983
192	2511
193	1677
194	670
7161	951
195	234
7160	282
196	232
7163	32
197	875
7162	1880
198	232
199	1354
7176	529
7175	317
7178	333
7177	229
7179	317
7170	147
7172	172
7171	1302
7174	229
7173	216
7187	256
7186	2547
7189	457
7188	1077
7181	769
7180	982
7183	1064
7185	2831
7184	283
4903	1113
4904	1114
4905	696
4906	1114
4908	695
4909	756
4900	82
4901	143
7198	923
7197	151
7199	457
7190	4
7192	192
7191	2
7193	191
4914	1113
4915	1030
4916	700
4917	697
4918	695
4919	698
4910	792
4911	696
4912	1112
4913	698
4925	840
4926	1144
4927	387
4929	3772
4920	723
4921	695
4922	1114
4923	856
4924	1661
4936	434
3604	191
3603	1976
4937	1360
4938	3667
3602	962
3601	3468
3600	1719
3609	2702
4931	91
4932	559
4933	760
3607	4669
3606	162
4934	2158
3605	165
4935	380
3615	5296
4947	825
4948	4952
3614	5735
3613	21
3611	1794
3610	434
4940	3120
4942	1577
4943	2342
3619	128
4944	3292
3618	128
4945	236
3617	177
4946	1056
3616	2008
4960	905
3625	312
3624	3463
3623	253
3622	1873
3621	130
3620	131
4950	49
4951	50
4952	271
4953	3632
4954	1906
3629	1850
3628	34
4957	71
