UserId
7074
372
1756
760
632
2543
2560
6757
7070
5997
4640
8033
4563
4887
1977
7527
7626
2147
2928
6724
5219
4260
7611
1696
7315
3494
2456
4109
7350
6480
742
4155
3279
5467
5188
1738
937
7695
4925
7441
4106
2935
4233
4222
1828
3219
1861
2138
2534
5695
5465
2805
7788
8292
4427
7578
2921
3225
2249
395
7184
1395
2391
7320
2010
1372
7341
4168
3907
8055
7754
2387
4041
5175
4818
1373
6767
6788
3267
2077
4439
3003
2265
8204
4202
369
4853
4809
2476
732
7096
4255
7214
5756
387
8076
7007
5650
1144
7271
601
3982
2592
1191
5208
1049
7675
5823
5003
6387
3263
5667
1193
3063
5938
4782
395
5314
1744
6953
6192
2505
5485
4324
1341
7941
1229
2085
7939
3213
237
4667
5878
5917
7323
3155
7415
2097
3856
3435
6291
106
7425
6056
6660
733
5252
7114
8171
1298
1766
8080
5177
2444
7696
4708
2905
1097
1312
4654
6062
4140
3700
7729
4314
2856
6259
2788
5897
6489
1110
7485
270
7638
5509
7235
3545
5187
850
7662
8128
6459
2929
3970
5209
6829
4462
609
4240
4736
7064
2372
3106
3223
6781
6023
397
383
936
743
1548
605
5419
5747
2752
3352
290
7626
4612
2317
1799
1297
4308
892
2498
7620
8213
4307
6771
2492
3095
3577
4138
994
2663
139
2077
1452
5909
6933
6685
1589
2299
836
321
7717
7459
3987
729
4443
1613
2316
242
2182
6609
5846
6929
299
6472
2912
4414
3080
1521
5099
338
969
3597
4911
5187
1382
4398
2214
4569
780
151
7514
1618
6933
1490
5100
6398
4756
7783
5163
5362
5289
7146
7214
3856
7902
2049
8093
8027
7348
5429
1619
1698
5008
5445
1246
3407
1014
4020
4232
4697
2360
2947
2613
3288
5764
228
4394
3080
234
5103
7527
7564
7839
2613
3443
1279
3187
1981
3751
6914
4399
6153
495
6692
4082
6870
444
5885
2529
6905
2789
7252
3388
2606
4625
4493
4925
775
2256
4863
6043
2834
7012
1066
2687
3300
8296
5561
4183
7706
6571
1359
2733
3696
3427
8024
5635
2932
2424
1921
3829
4555
1282
4274
7960
2031
1375
6333
6133
7129
8108
2548
7293
1484
2791
6698
5395
6092
4175
3516
935
4806
2659
8275
550
3809
2101
5775
6918
6255
6533
1729
1886
4987
4065
6599
1097
6128
8057
1200
868
6223
7092
5365
1142
3342
5833
8285
1280
7305
682
7599
4977
1629
1676
4237
1340
3851
6156
5707
1202
6935
2454
5500
4942
6223
2985
4427
8170
1965
2296
7529
1213
7163
6166
6374
3312
6682
3272
4813
2438
5508
2037
266
5523
2869
1294
4593
2187
217
6186
5015
5747
1131
2722
6302
7482
5189
2762
5342
1433
2663
621
2671
3151
2299
7291
2089
2621
7765
2686
6457
1706
7021
2351
7688
4920
6188
4861
286
6005
4689
6045
433
755
8253
5982
6783
4031
1346
4988
480
7911
2355
6049
7903
2569
241
204
323
6758
5899
5803
7972
5605
2932
4086
2316
7373
1207
5080
3429
5877
213
699
553
5891
1102
7625
2212
7343
7145
7765
638
5689
7745
246
6225
5179
4948
651
453
7341
3553
4936
3701
7961
283
5500
4453
1593
1663
6757
5782
5116
6746
3686
5886
64
4007
2069
4353
4597
8216
3426
1205
7696
6150
7243
1035
4328
1406
1113
5386
5172
1360
1457
6828
5015
6683
7139
6153
1519
6552
1868
3553
3504
6576
3799
2353
5436
1322
3382
137
3481
6762
6553
2605
602
5009
1403
5445
3294
5127
1687
8124
6951
724
1276
1708
8219
2264
2143
6466
1382
3338
6828
7355
3353
8183
8168
644
637
6201
1102
6595
6
5140
3977
2972
1077
1013
5213
1819
844
5161
6656
5100
2858
7550
2089
6081
364
7214
752
3638
5265
2538
110
1518
1422
7914
4826
1849
2321
3576
6691
2296
6757
7883
3477
951
437
741
794
3202
3628
199
1855
5000
2734
5478
3158
3858
1798
5550
138
106
5246
1657
7054
7664
989
5083
2008
6795
7967
5839
6317
8219
4312
3151
4403
6121
1780
2649
7160
4623
4439
2850
3540
5029
7407
2612
3391
3774
3807
6862
5684
1558
6246
7911
2350
3673
4069
7021
5803
7809
126
4510
1521
1747
3435
4257
822
369
1761
6652
3674
199
6677
3231
6670
679
3322
7192
1834
1221
3191
5080
3796
1994
6072
3197
133
511
1104
6863
1650
6730
4693
3238
7949
566
6943
3084
7691
4693
3189
758
1192
7906
1028
1392
5287
5341
3244
3425
1912
6902
7771
5990
4363
2587
7690
7536
719
2785
6359
2544
5469
6586
5940
5202
3439
5933
6846
6690
5713
3700
1429
1033
7205
4085
1285
4078
2003
947
2325
1623
2443
73
3521
4319
7296
4282
3547
923
3341
5265
2516
4409
3070
3435
6120
1724
3233
7649
3469
4922
1052
422
1794
5594
4597
3490
1450
4117
2439
5346
2587
5183
6736
6271
6339
2083
3173
835
3349
4683
2456
994
1196
8133
4439
6230
4019
4807
6150
3259
8178
8054
3839
7145
2722
7045
107
5163
3185
2181
1515
600
3787
5385
520
2933
8277
2454
3525
4030
1385
4469
6469
3932
3243
6502
1359
1571
5461
2589
4083
79
1262
3543
5938
1197
4765
4169
6688
5239
4489
6945
7211
8211
1722
7090
5477
6320
5722
753
5114
517
759
3006
2363
2249
3134
2617
6929
4779
509
1198
5220
2551
4202
3167
708
7782
7576
7241
54
6665
8006
4616
8069
1575
6961
3512
7911
3520
2962
2189
1480
2471
1996
1780
2926
946
3636
7754
2855
7222
2319
5615
7733
3429
5250
100
591
2615
3356
5523
6596
7164
5887
2899
5648
24
2696
4647
2520
334
1514
1608
4631
7422
1108
4224
4527
1329
3441
3182
4331
8110
2002
6826
386
7973
2131
401
748
4267
4934
1035
6381
6539
5508
4209
794
5395
6315
2026
2760
5250
5309
8282
6824
5501
2444
1888
1528
5987
7782
1747
3035
6035
3563
3339
3406
2798
794
5109
1857
748
733
6784
127
7653
2952
6224
5043
2223
4201
4497
4692
1940
1444
2325
2872
5188
2939
4044
2668
2175
4483
7107
181
5799
2410
8005
2559
5568
5877
691
2944
3841
2047
1589
8238
4425
548
3209
4592
2353
2274
5356
3377
7550
1280
3674
765
3228
7052
4999
6314
4581
4497
8098
2537
5807
198
7292
2131
1571
246
2768
3830
7634
5071
2746
4088
7289
2941
285
649
622
7985
2523
350
2396
5964
3682
2840
2578
3776
1953
998
3791
6130
547
202
2051
7391
3123
1307
2543
5062
2642
6498
8231
6269
5966
7805
2417
274
1693
1276
3815
6753
4240
4569
2593
1007
2223
7425
95
1173
2817
2197
2804
2227
7422
2045
2752
5507
2293
206
3743
1203
6044
2877
3263
8182
3515
2344
4891
7336
3026
2948
3062
5633
2101
6316
4785
8056
254
347
8087
1335
2429
5615
5412
2630
3711
714
3858
2266
2228
5512
2257
7266
3226
270
4444
4793
5628
7215
5414
705
8047
593
4645
2676
7229
2265
4189
5079
7204
1539
4168
6963
3822
7945
1655
2499
721
4011
1859
5299
1980
4363
5747
2310
1715
6004
4109
2648
4989
5617
4142
970
4170
1788
7416
6936
8252
5635
7719
1359
4600
1268
63
4043
4827
253
6230
5836
4815
7136
4575
2465
7343
4778
8293
1707
2709
1924
7109
5028
6202
5311
6197
7446
6073
7245
3478
4925
3331
5693
6779
1085
6959
5075
3816
4765
4402
7045
6034
7215
4381
2002
4024
3636
6588
4652
4687
1294
699
1900
6824
2105
4564
835
1202
4881
2535
1666
2178
6150
5246
5180
4371
978
4674
7762
7350
5200
573
5745
2718
6683
605
5062
5969
7841
404
3693
4175
2229
4241
6190
5332
197
587
173
7781
4467
6047
1784
4627
1365
7791
4753
5581
7391
1530
5380
4650
6738
5510
1747
4556
4650
6804
259
7648
6734
1902
3753
4485
9
773
2561
701
2966
7174
7100
3108
6129
3
4986
465
601
3148
1523
6706
3914
2129
7380
7884
1782
2478
2402
3735
4444
1865
5565
321
3390
7029
4261
8023
340
656
4254
6132
3594
3454
874
5282
4819
1246
1921
3491
6287
6175
2992
5246
5963
4911
3842
2027
178
1682
2538
157
7231
7509
7130
5662
3892
1247
2517
205
8260
7114
6388
3619
4977
8235
7080
2625
5140
1234
1744
744
7151
7482
574
2428
430
6974
4883
158
1050
6050
1613
2227
1255
7203
3103
7826
4021
3902
4475
5832
7891
4322
8184
8084
7528
2772
2086
950
722
4978
4362
1686
970
2528
1138
573
5370
5930
961
4476
2423
2188
5650
3847
5328
6026
1611
8132
4540
893
4443
7476
5251
6711
2741
3333
6960
6028
6806
5756
2615
4026
5218
5922
122
651
2206
5154
4786
410
708
3005
210
7696
2630
3032
6951
5873
2992
5447
1829
2648
2998
6819
4853
4291
2329
154
290
5204
82
7008
3277
8224
7889
6575
119
6711
684
1427
6316
3424
2827
74
6281
3028
7265
818
5656
476
2167
1549
3015
7744
2161
4809
1655
396
3888
3056
15
5218
3578
1138
4444
6374
2656
8110
3042
2889
7089
21
2656
3269
7422
6753
6842
6702
2898
5452
3015
7757
3504
5684
5481
3444
1286
6813
3673
1889
5405
3019
2495
2155
3181
1123
3983
861
4090
6691
6772
2386
2656
2949
7444
3290
7529
4575
7203
6247
7327
26
326
532
5939
4880
5481
4613
7935
5381
248
1933
5555
2242
6328
2460
7343
4670
5998
2886
979
5220
1216
6707
1650
3797
5099
1785
5075
3583
3779
3589
4825
1147
5384
4363
4692
6079
4066
5833
5664
1389
2346
3830
7373
8175
5233
5357
3791
704
7265
4185
4819
2309
1450
1751
3125
8288
8131
6332
3835
3995
2314
4012
6628
7905
2545
2049
5995
2628
8209
3379
7086
1379
527
28
8233
6523
6143
2397
1993
1973
2199
5933
7155
6507
2179
4235
5276
6431
4787
2191
5508
6111
5001
569
1113
4106
7353
3705
7973
7950
786
4276
7455
2659
6178
7
3548
6177
6130
7956
4800
181
1941
5171
5160
6654
5180
6213
4985
3341
738
384
2671
684
2406
3118
1644
419
2439
1918
4871
7618
6321
2855
4746
3802
5057
7493
6770
5946
2687
2609
2766
1799
2091
1487
3492
2562
7996
6712
6862
855
3014
5745
4979
7446
5195
1528
6622
4220
2366
5572
2782
5591
1751
7446
5201
2586
3851
5250
3041
3195
465
6797
1066
3425
5768
5770
2228
707
4638
3803
2016
3265
4759
7586
8209
2618
2550
6474
2253
3945
7910
3379
913
2067
690
5269
1753
5095
7
4904
2412
8107
5600
7599
3522
6296
1971
6033
1311
2321
3729
1752
1334
27
5437
497
839
1284
643
3514
1568
3408
7660
5463
4837
6375
1427
4814
5582
1147
1188
6448
276
2012
5052
1422
1816
7335
8231
1773
1087
5016
7046
6253
3316
5396
7486
5832
6016
7618
304
5386
1773
2783
7095
4867
5238
2781
6347
8245
797
432
7601
1756
1803
3361
2197
3515
2527
1291
1502
4400
3481
3439
6494
2754
3225
2113
6632
4358
2301
2993
1886
5919
8175
231
3156
2500
6568
5413
3804
1312
4566
268
8206
7290
4321
1362
2029
6073
5689
5569
869
2690
5832
5497
3367
820
2624
5827
2690
402
210
4740
3933
2111
1445
5837
3248
2400
2669
6350
4945
363
6758
4139
8290
5073
1834
4686
6458
6177
1287
2841
4246
201
6296
3729
4173
4534
2582
6533
8002
6933
3910
3777
5093
958
7767
40
7131
8177
1311
5778
826
1280
8085
3294
5243
749
7478
1895
2823
3113
5145
7239
1141
7537
5871
295
2023
5735
7511
5036
2092
7903
1658
2278
2010
31
2224
253
6715
4653
6127
3277
3166
3538
2825
4001
577
855
7672
2659
5159
2490
1455
4090
5011
1740
3169
1385
1452
8249
669
4042
6451
7534
651
6833
4983
3810
8051
5180
1659
1888
2516
4149
2357
6503
3302
2367
7874
1956
3526
2788
1218
7316
4620
198
5238
6552
2370
2471
6698
2688
749
3595
2741
1416
3754
3953
1303
3475
4135
4711
5145
7758
90
7017
2221
8106
765
655
4613
5084
5114
5091
4446
4884
5594
4351
7732
1177
6306
2758
3715
6485
3603
76
1397
6848
4588
7301
3459
2173
3539
4351
8212
589
1473
3195
5987
3724
6577
1388
2754
6576
4681
498
3074
6324
2957
4415
5017
7535
5050
2108
3146
7774
1564
5314
5864
8291
7533
1392
1469
388
8130
3195
7302
3142
4123
4040
1569
2637
7125
3837
3929
1340
5808
6146
4190
3526
7251
8091
880
6230
113
6867
2198
933
3224
1849
536
3016
3303
5339
5603
5756
5288
447
110
4223
6047
1456
5741
3405
5454
5541
5690
5466
2751
2887
5263
7231
5935
3939
5569
3057
7994
8174
5024
1022
92
4006
7190
2504
7868
913
4371
7686
968
3017
5608
159
2392
2857
394
6056
143
569
2012
183
2490
5631
5231
3303
5022
367
4787
5652
6526
6793
183
325
6675
6611
1461
7471
7478
4527
5098
5242
7139
7815
138
915
4389
7471
821
6652
984
1379
4377
5698
7212
815
4295
3991
284
6715
7357
3539
959
6648
1426
3173
7427
3466
1907
5895
3602
1083
133
1346
654
7362
6229
6663
6003
826
447
6789
7029
5398
2604
79
353
3147
2093
1280
8035
377
7199
7502
4633
1791
2747
4049
481
613
3581
425
4459
3825
5190
6527
2694
2560
6527
5907
8243
7267
45
3545
6455
4615
940
6347
5910
1345
4931
27
6316
4533
2200
3841
2922
1533
1729
2784
2661
7964
4434
7892
3022
7404
6822
672
4957
5628
7084
917
1186
5614
1536
1807
6026
6657
763
3262
5280
4456
6444
5608
5160
5218
4491
2194
243
2944
1208
2126
3167
835
4186
6480
3238
2497
735
3813
983
2825
4948
4528
564
3668
2230
4036
2969
4213
5747
7698
555
6036
43
7533
1536
6258
247
6522
2381
657
427
1240
4071
6774
6567
5499
8264
6700
963
4316
2697
6230
6587
4491
4733
7576
2595
5083
6155
2336
1405
7909
7372
4407
4289
3288
7106
4061
4727
4001
6019
6519
215
6938
816
3544
4777
3914
954
689
654
1438
2563
7862
4746
2875
632
6437
6201
776
881
3228
5414
3615
3813
1774
6060
7497
7098
6069
3344
1591
2940
2133
534
4909
1318
4082
5916
3863
7107
4840
7426
4141
2365
8186
1535
4317
6611
155
6983
212
1896
3625
7600
224
760
5518
1692
779
5768
7781
5712
6327
5771
1935
2319
7626
1447
3383
7237
4473
4100
2032
2156
3718
3357
6143
4544
3175
1065
6367
3021
7417
4662
4403
5251
3261
7588
616
3224
4794
240
596
6408
4381
1312
611
7099
737
111
3054
4362
165
3535
6586
6175
4750
5469
5183
1722
5711
3298
4009
62
1587
7043
1128
4963
520
7042
2366
8025
6424
2992
3933
4624
4906
2109
1639
4078
3219
3228
3320
2963
645
7000
4605
6845
7243
1546
1299
645
1350
2778
4616
6446
7391
5039
2212
2785
3803
373
706
1915
3518
4967
774
5820
2384
8288
2168
8237
2442
1726
3729
1976
6213
1496
7185
4210
5627
908
933
4443
173
5321
2457
2513
7978
2566
8152
4386
4238
3981
5391
4275
4468
5005
2667
929
4129
5946
425
2466
1701
4636
4267
2030
190
5588
2331
2146
3969
6685
3845
3728
3629
8141
6885
7108
5545
2733
8214
5937
1903
5277
6798
5876
5921
2891
1615
1018
7003
1102
8233
3130
1078
7979
4438
1230
4031
5288
576
5859
8248
1450
5020
859
5196
2782
2987
4954
7026
3535
6747
1921
2476
905
6552
6323
416
4574
6635
321
3761
4845
6304
8055
7293
5280
6655
7495
4319
6737
6990
1975
6749
538
32
6488
2186
5370
840
6116
4026
230
1494
5994
2847
3185
168
6062
7072
398
4000
4189
1746
4039
5317
3225
2779
4132
1834
4042
7523
6819
2737
2281
2730
7565
4554
852
2900
913
2152
3144
6890
94
2861
5306
7773
664
3230
7775
832
5426
4965
6224
8085
4290
1337
6561
4121
4821
799
3554
3332
7497
3735
5436
2057
6654
1144
2184
6017
6259
6595
2676
3036
1021
3438
5471
4602
6588
2852
4875
6432
6078
4781
6118
5509
6393
7419
5812
2037
6298
6406
4832
5069
3752
3296
6566
3675
7296
4569
5120
3369
2748
2223
3705
3679
6477
6895
445
4497
2013
1946
6935
4539
260
3686
1267
180
6753
3917
5050
3472
1984
7271
3593
4439
7595
7059
1590
5283
3554
2965
6222
4110
2413
142
2861
1653
4591
6712
927
4454
4206
1193
2068
7149
1190
3603
4329
3231
2615
1143
1761
8211
7079
1412
5219
2520
3479
1469
1742
6697
4175
3863
8109
855
1805
5886
5112
1616
7469
6294
4667
2281
5184
4370
6398
4351
1177
3842
4806
3296
8142
6695
810
6859
3368
4345
7645
2958
4042
8178
5006
776
2667
8288
5350
6813
480
4756
259
7018
288
7883
5301
5393
696
5052
6800
7620
8048
968
3815
2840
4533
1530
6252
4265
1168
1405
604
2394
6934
6243
2229
6885
4909
5533
1301
2531
1429
7644
3483
5820
1209
5730
3513
4124
6971
5990
4756
5026
8249
2886
5273
7828
4541
1436
1580
6411
4248
587
1738
4862
5054
3648
1226
914
3172
1871
1321
6031
5984
3095
182
3942
8052
6459
290
4504
7193
296
583
2322
6454
5796
8134
2341
543
8260
2678
7877
7343
5099
4075
460
3208
3619
2676
2185
7869
1082
1608
1083
795
1517
1785
3708
7188
386
4210
204
1556
4788
3057
5527
5838
3863
3969
2425
1512
6768
4669
4952
1645
6002
5772
446
5818
4844
174
3902
1860
3744
5075
1608
7229
8222
5483
2173
2313
4250
329
3785
6751
3459
7965
5754
7357
7316
123
4347
5123
1590
6906
3023
5732
606
5591
3847
4757
3500
52
1547
1324
8182
865
4322
3667
8
3094
4669
3937
6502
1540
3498
5985
3686
472
3493
657
8216
1754
4530
5373
45
1035
54
7048
4014
164
2091
827
2741
192
3391
2918
7243
7233
3908
1951
3482
7992
5793
3052
7941
269
2789
2269
4138
1530
6024
4424
120
3751
267
714
4780
4164
1550
2996
1660
79
830
353
2226
2938
4885
3700
1819
4582
8132
203
6406
4885
4144
2591
1909
8107
1125
1584
2241
1295
7049
1934
1493
7206
581
3590
678
3848
7772
7805
4434
5065
39
2823
3909
2197
1244
8076
7995
2481
1033
4396
3384
6623
6634
4424
3906
6658
1953
5750
725
2607
6130
7644
2473
6334
5154
7946
4199
2694
2251
6870
3839
3653
2644
1133
3081
6751
2540
1013
5103
6890
5625
3755
5000
5625
2618
1441
873
444
7454
3384
5219
2763
4725
7684
1307
4707
2546
2244
2174
7136
1100
6751
4815
5588
286
5284
7525
6243
5361
7546
1563
6464
1554
434
7659
530
5132
1870
3006
866
6810
1628
5460
4975
7111
662
8173
3771
1191
6654
7397
6636
7481
4310
4866
2825
2260
8083
5850
1229
6018
877
1205
7585
2058
7226
6027
2038
4793
1675
5947
855
3043
5813
6183
1979
8098
1973
322
8075
2649
2730
5842
99
1425
4408
4763
2770
2797
7298
2863
2919
3319
5221
1699
6906
6829
4686
6038
4191
4204
7179
7089
5602
1369
481
5166
6190
7217
3585
4024
4306
1155
6264
5063
6965
6574
1368
1872
4347
7609
3156
7956
4884
395
5821
2274
4719
1982
1858
7456
1960
4200
2859
697
3089
4708
2544
433
2783
2857
7498
511
1404
4440
2326
699
3560
5038
3837
5949
6170
1138
2053
3646
7170
2269
3760
1346
7916
7522
5267
4972
2011
4379
848
455
5966
5706
7493
7834
7278
6155
7323
4132
1007
5054
7491
3231
5882
5748
3171
4335
2621
2484
5535
4046
394
668
2190
3714
7310
6422
7523
897
1429
1337
5478
48
3085
6690
2089
1663
3578
2146
1087
1912
2947
5508
2646
2267
1097
6527
7728
6020
6808
5473
6027
7492
5081
3361
1274
6951
6784
5342
2633
1656
670
783
7197
6176
340
5226
6826
3638
4408
8241
6119
710
2913
881
3332
6347
6004
8062
5472
3805
7976
4978
1259
5084
1184
3658
5753
6007
7270
2586
7891
3363
7144
4366
6546
4647
6270
942
4903
246
2477
95
4149
1416
6266
317
504
2379
4068
1133
4097
7043
7060
6587
6790
4794
6850
1396
60
1686
6462
6724
5200
2972
797
8270
1780
1852
2583
3039
5549
5541
7494
2549
2624
1637
6071
4467
4567
3326
7565
6555
29
3084
2149
8115
177
6009
523
5524
3641
6890
7027
5346
4845
2472
2796
7645
556
275
288
439
6075
4363
8046
2241
4425
2872
7253
5514
5578
3870
1130
7277
1523
6829
1435
3902
6930
5683
57
5771
544
7351
711
4409
749
4595
4345
6854
6701
7658
22
1357
2524
787
598
4861
318
7668
2565
885
2346
4046
4040
8087
7972
1757
499
3638
1138
2159
5288
4044
211
7153
139
1011
7774
6241
6013
44
1374
3764
793
6800
867
1278
2898
7658
7907
4274
5871
4697
1023
6617
2077
927
331
73
6732
1337
2778
2512
6561
3357
6958
782
2547
1229
6994
4456
4402
6348
2197
3486
1575
6101
7991
6129
6518
6446
1192
7923
3490
869
4659
1794
5726
1931
6041
1731
261
6282
5967
5902
4779
195
3403
7763
2676
4825
5978
3389
970
6832
5531
1635
6224
3290
7417
1165
3594
233
7536
5712
6460
3136
5337
5990
5096
3651
2341
4975
1052
2545
4742
4698
2615
5962
1880
881
7177
5934
1331
7791
4009
1299
6507
874
4682
4635
1591
2974
3163
1488
4536
4246
717
5481
6477
8169
7289
4250
6554
3630
5410
4778
3974
3088
1465
3298
11
984
3348
5726
5544
3947
6635
7833
1004
324
2890
4188
3841
3465
1865
7201
5790
6922
2352
2256
3656
5720
339
6023
8105
4624
7225
7964
1975
6581
3137
6292
5303
4100
169
1667
2217
6890
557
808
5098
5396
5381
712
5966
7595
91
7088
454
6265
539
7814
8073
5508
3219
4382
3691
7451
6986
72
5462
5035
4413
476
875
1806
3
1580
4904
3945
5118
6348
3399
6523
1589
5763
8086
3005
6416
2815
7916
110
4974
174
5238
1440
1829
1372
6046
3117
6451
866
941
1022
4400
6312
3652
2853
4139
382
3196
4047
4199
29
1213
6399
5249
315
6752
6207
584
663
6884
7172
7459
129
4279
1166
1917
1388
1905
8178
4150
499
7099
1769
1900
6707
2891
6953
1720
410
574
6846
7862
6359
776
1154
2310
1023
5290
6548
765
3284
7194
3711
4662
1188
445
1645
2936
8089
7889
1095
4974
4696
2894
4071
832
5392
6844
4372
5580
123
7
783
8226
5799
6735
8021
2192
5813
3894
1791
1320
6221
3971
7642
1245
4406
2640
2630
3901
804
8142
3453
6692
5497
114
1792
2357
1214
3439
2753
3082
2847
6517
5778
4557
870
7834
6424
5305
2755
6399
840
711
1896
3782
358
7701
497
2471
2529
3668
3757
6024
3902
1104
3244
1215
2259
2359
4233
4695
5448
4303
330
659
1738
7379
3594
1310
4591
4599
1964
175
3682
1930
5952
34
2794
150
5400
6765
4310
4044
3671
4713
2268
5499
3089
784
6281
4583
3513
766
5267
1372
7103
5132
5781
5132
1661
2296
1449
458
2197
7597
7250
3447
6221
217
2664
5651
1565
3399
5185
7638
7245
6037
6139
2378
3290
714
2835
2923
6627
4661
2315
6858
4890
612
5876
7257
3636
5413
4057
1127
7523
7979
1837
3366
2731
6033
1980
5427
7780
999
2381
5531
6450
6780
3168
2425
57
7634
4337
333
4608
5479
6954
1431
6323
3185
2389
7348
3944
550
6870
3129
4181
4171
6293
2357
8166
1937
3392
728
6806
273
5229
7518
4243
417
6178
4441
5579
6598
804
4295
2384
181
1979
6881
1759
3687
1366
6039
8183
2457
8158
5718
1405
2781
465
5943
1955
400
33
1564
4536
2529
8006
2992
7953
4048
7624
3470
8049
6033
7497
734
2747
6266
5676
1188
3833
2334
655
5294
3985
2884
7527
1947
766
7703
8253
1660
3008
6711
7389
2661
3180
6804
2773
4915
5995
4846
246
8142
866
5802
4721
6158
7195
2498
18
8
940
6020
4616
3685
1695
6454
916
5804
6998
3426
3032
2146
8295
1714
2962
2748
91
7812
4482
4529
254
47
6803
3361
5739
8209
4644
3400
180
881
143
3843
6225
4128
407
3889
3578
3466
2775
7477
3130
2336
3160
7893
6929
400
6424
4318
5391
1983
7704
4073
7790
3752
456
5455
3477
4859
4945
2899
4173
2895
6094
7803
942
2086
8256
5628
5139
6520
3694
1893
1639
3921
3589
5778
3084
7116
202
3162
181
2445
6655
195
188
6686
812
1543
6455
2037
8145
7593
5080
1008
1127
346
3335
854
6969
5424
6441
1604
5387
3201
4862
6203
5818
315
1641
5753
4608
534
1984
3883
672
1689
2216
5983
4792
3013
5413
4001
6807
7523
7965
189
1197
6819
5764
463
789
7065
5935
3713
4200
2821
3349
6139
7455
2099
7310
7946
236
6607
6073
892
4163
7117
3589
2480
5682
4296
5969
4336
5764
7030
309
4247
7910
6861
25
6550
2560
856
2717
549
5852
1583
3643
3165
6682
1040
8181
477
2938
3180
6826
3396
4053
647
895
6254
1642
708
7348
8159
1023
6797
604
342
1621
6929
6020
1608
2112
4646
3293
3208
7035
5471
6996
4805
1545
869
2895
167
592
34
700
3765
3851
2479
2429
8035
5423
6091
1606
4414
7770
2114
1367
5367
1295
1599
5136
3783
3278
905
2459
4020
5346
899
41
7806
5821
1614
8038
4867
2180
6510
1103
852
4613
3240
5177
2409
638
3311
4064
742
4495
3807
6060
4899
5178
2186
6227
4751
962
4599
4184
2933
1278
2922
2036
4355
1197
5698
3149
1792
632
56
8048
6093
8138
7113
6770
1315
6043
2254
1618
3156
6426
2889
2975
8252
4871
4723
6078
3089
3321
6996
1940
3219
4706
3544
3143
6247
5410
6772
5438
1003
8040
7161
5446
7271
2505
6996
3370
8202
111
3840
120
421
6677
108
2352
2899
1134
585
6168
6529
743
5180
5523
4372
2340
5289
6845
7769
7523
7699
4594
4204
5927
2552
1648
7571
34
268
665
2324
140
2346
359
6641
2719
443
6968
6315
3774
77
198
1929
3779
1714
3746
6895
6146
5197
6414
2631
737
5744
7355
2696
1003
60
379
3303
4826
2969
245
6325
1005
7920
1691
3634
651
5960
1307
2918
2752
5390
4509
4838
7456
413
4910
1339
254
2902
3246
8096
1037
415
1941
3316
1662
7920
5533
6899
5562
4147
4647
6111
3995
1628
5567
1430
5739
881
6554
3270
4792
594
7837
4381
7860
7040
2276
3664
1887
5497
2121
2913
3989
1177
5038
446
5435
2227
4409
1861
1242
926
1674
2041
5115
1074
7243
2386
1569
7440
6077
3280
1803
4372
2090
1385
2095
3712
5568
4975
3014
8010
541
3681
5813
7214
106
5313
73
6409
3541
4436
6264
4142
7483
1038
2297
6731
3293
4804
5964
5983
6049
2621
166
7316
3018
7206
3598
2020
6304
2951
6230
1611
1789
2494
4325
4381
1309
3237
5899
6677
1912
4810
423
773
2575
7557
5221
1186
7138
8293
2877
5015
4562
3229
6208
4341
4526
6528
353
5855
7833
4635
2954
7184
3284
4186
4418
3117
2382
1783
4773
4178
987
5190
6039
4516
5329
1719
5854
7436
2060
959
2890
1699
4167
7359
3990
1051
7829
6579
2989
5698
7815
7228
3936
7217
6186
1195
3253
8099
1044
978
5684
1770
1505
1287
4917
7381
3677
805
101
6464
2091
3180
5329
3943
4261
3239
6990
3242
5417
6509
870
4773
1483
2547
1189
3131
1950
3987
1088
7393
2684
2825
1147
4303
2511
5422
5305
6835
4529
661
2530
2163
4725
5127
5765
7270
2003
4369
154
6431
4893
6378
307
5278
3019
7735
6684
555
2975
29
5850
4014
3102
8124
4611
8165
1619
1895
4663
6105
6437
8118
5768
6436
2939
7279
2441
7732
1734
878
7632
7732
4509
5884
8245
4283
5655
635
7219
6942
4338
839
7174
5920
3040
352
5637
1528
6045
2223
1812
1521
373
7355
108
2008
1379
6701
3238
1431
2677
1231
2397
4214
5530
8168
1961
5770
5942
3674
2163
1318
3811
101
2042
3714
4037
8297
5591
709
4235
44
3678
2513
6975
3114
5367
4396
5326
2302
4211
624
1235
5673
3708
5459
8066
2272
2938
171
1718
1614
2367
1988
7022
51
794
7405
134
4576
2008
906
1344
2411
1420
7796
7868
5312
2502
2594
4035
760
4494
7703
2389
5410
8118
7282
1758
5937
3137
6121
1195
5289
2188
4702
3797
4692
2008
1086
4070
7553
1987
742
5045
4779
8110
5295
3829
5995
328
3895
7528
620
1517
2904
1432
388
7336
1773
5609
1008
162
5750
553
1739
3135
7626
8119
5636
852
1020
3901
7732
2125
3878
2653
4704
4274
8189
4328
4272
6484
5002
4536
3535
4636
2675
7922
5112
3936
2091
1534
7706
4913
4495
5625
3048
5093
1864
4539
6222
3850
1903
6164
4987
4687
4433
1452
6599
4145
3443
1637
2841
6266
4681
1264
1490
4450
4274
8255
7072
44
4418
1225
6819
643
2130
1880
949
6921
339
3022
5971
1556
4020
1326
1404
3765
3920
581
348
1793
7253
7009
6563
5512
1684
6855
3811
282
112
6355
7663
2772
8047
8178
1025
2877
1559
4212
6718
3303
2720
4432
6648
4000
87
163
6014
7112
7455
1103
7165
1049
6351
612
627
321
7707
1643
8100
6147
3519
4078
7893
1689
5308
1633
6994
1572
7747
2751
7966
7867
6720
1668
7879
251
2871
2610
4444
596
2785
3592
8211
624
2988
5357
5874
3968
882
406
5111
6469
781
5999
1983
1231
2782
2216
3508
1881
5703
3273
5115
1671
6633
7668
71
569
3395
7243
5375
7112
7791
8108
7471
3256
605
5112
460
6412
5141
2250
5703
752
1833
212
7841
3039
7215
6241
6442
7082
428
1316
2859
729
2439
3873
2111
6471
5994
3107
5935
11
625
743
849
6590
6441
1656
7215
4072
6878
2018
4853
1829
1679
7108
1200
7795
1256
7053
6007
913
300
2157
4124
5610
3707
6020
3676
4210
1361
6032
7377
7940
3724
6657
8120
5780
2258
1696
5305
5530
3404
762
998
1221
2298
3043
3545
5604
4401
2841
6491
6096
3404
3200
1912
1133
5116
5636
3987
3050
178
7195
6075
3842
4399
7336
5063
560
3466
5592
3445
3016
879
2565
5172
5877
8064
8153
82
703
3525
722
4104
5148
6014
7158
5561
3456
5335
7483
3891
1773
5962
5868
2091
8025
5708
588
439
5542
2503
2560
3406
6240
2736
5763
6760
4820
2614
6875
4665
6953
5685
5899
1369
6981
7501
7400
2474
6009
5676
1012
2970
8167
4098
4627
300
2571
2033
2069
2223
1127
2247
2300
2031
8077
2646
5031
1211
1945
3024
8128
7513
3213
709
7783
5081
7024
3522
6719
589
6632
7557
4857
4623
2519
4155
4934
7924
4464
6815
7752
469
4386
4675
1565
463
8079
3683
3752
973
7975
706
4100
1411
4728
2518
5499
7881
6496
7600
4065
3536
2583
7738
7800
7440
721
906
5798
1281
8285
2457
8236
2267
6529
571
1965
2446
5949
1631
2861
5337
3269
5726
1777
8120
7637
2294
2322
5263
7508
7092
1681
5110
5982
7992
7995
2863
7400
2153
2014
1694
6106
5595
6711
4279
5764
7888
732
1300
4707
5244
976
3003
5230
6913
6507
7697
5290
2072
3842
1292
1519
7518
2856
1692
371
6243
787
5579
6432
8141
5580
4717
633
2515
3340
5788
8244
5250
3303
716
2054
2576
6320
7192
6609
8093
5446
6456
3821
4720
3662
2340
5675
3349
4467
4426
6437
4717
5655
4773
2172
1570
165
6216
219
682
791
1821
2465
6001
7035
2639
4474
1693
2879
797
6752
3298
5475
2929
5611
2606
4257
4344
1199
3835
6527
882
6264
1842
7842
3730
5129
1735
4490
3056
6187
7072
2574
166
6837
189
7193
6168
7753
2475
1582
6406
879
5459
7416
5035
530
6766
4600
5748
1223
2489
6735
1513
7458
5335
6155
120
4364
7343
5536
4725
7382
449
6897
2817
6783
6555
3683
6128
8140
7392
6221
7465
248
589
5748
3120
7323
4063
7789
1350
7528
1840
4652
4811
1161
7159
3052
7733
3813
306
5239
4152
2658
6196
4223
978
5988
7916
1761
8036
188
3978
6987
4020
8068
8
3468
3604
6002
4511
7799
5714
5661
5504
5601
4349
3835
4613
1273
1376
5000
6241
1243
611
8153
2081
3146
11
835
3843
7297
7839
14
7850
2585
1680
776
3691
2629
7098
3321
2947
3333
1418
351
4809
2047
1528
1140
3119
1921
3123
7961
1664
248
1946
4418
3916
6447
2983
5288
4328
5848
4310
7094
3841
6038
5436
1835
6220
1192
3027
1292
6858
7683
5152
3171
4124
704
4554
2664
1461
4027
2419
5990
4205
4137
7019
6948
4400
4233
6350
4816
6904
2713
6015
5768
1963
739
2904
614
3196
5181
5855
1678
2405
1206
6914
6516
6498
4489
479
7740
4910
3566
4380
168
6542
3518
494
3377
2310
5087
1861
902
2389
5022
391
3493
2008
8229
4833
318
5558
2659
6883
5721
5866
5785
3613
6286
2200
7122
3101
8142
2752
3002
6829
1140
8276
111
7164
6251
2384
1129
2667
259
4150
3107
7391
6949
7299
3398
6886
7599
4480
8110
3948
6824
7365
7
960
3113
3939
2604
4320
2541
5117
2573
2003
6374
2776
2867
3949
941
2215
5000
4426
6534
7035
367
6506
2723
6812
6495
182
1004
1144
5572
6914
1876
926
4403
6120
7577
2618
853
6972
4966
4124
1471
1955
3965
4867
3788
3807
6638
6728
3683
4932
6735
945
5054
6824
849
340
5533
2648
1599
2529
6024
133
3120
2156
3458
306
684
106
4232
7201
1876
7774
7149
1306
824
5651
7922
6216
1039
4263
368
4709
1436
7597
3889
7973
1081
1814
3227
7337
7428
5921
2451
1129
2441
7467
5287
6448
3582
1353
2028
836
7778
3698
7120
8149
5069
3237
4450
6182
1035
1428
3640
2540
7821
3709
3349
5839
4677
1751
6855
2405
4880
4240
4746
2187
7028
2572
2213
587
4969
5964
3315
811
6547
6120
2318
30
6730
2079
8102
6855
3810
6627
2442
7451
7889
3189
7883
3865
2524
6897
686
4716
80
4031
1043
1985
4648
6574
456
5103
4014
3998
2163
6749
3704
3691
2914
2890
3451
2912
2082
277
7362
8168
2682
7720
958
1539
1332
4425
226
4636
3461
4206
4336
869
2157
8289
5098
5288
2711
138
5895
563
1916
7802
1167
4005
7730
6684
7211
4375
6734
4067
5372
1686
5798
6791
6057
7777
5399
4632
7193
5284
5542
4373
3666
885
2985
7006
5337
2557
668
6325
2727
862
299
7061
8012
2070
4972
6139
6923
7701
5371
4
4221
5471
7874
6806
5448
2754
266
3568
286
5805
3959
3655
6731
3042
3455
2302
6588
8048
587
4325
3026
4456
2573
6141
6721
3049
4744
2357
5306
2599
4972
2914
1219
4296
7144
4231
6389
5183
1864
802
6573
3003
4951
2796
7118
5645
1492
6437
1629
4681
7699
5530
1267
7639
4206
350
2704
5850
4337
731
6378
1191
5154
4993
5194
4291
6878
6560
4019
7123
3883
7132
4263
2293
2702
7429
7300
4838
5942
6359
4543
6587
7605
8074
1137
5667
7888
62
5466
7407
3261
2336
761
4823
954
4735
6218
2499
8294
1916
8285
2472
489
1755
4297
3827
2305
669
1476
6949
3529
3184
6968
1925
5419
3765
6953
5852
5549
958
6454
6692
353
8187
5018
7493
4249
5942
447
6922
5181
851
4792
3690
3379
7616
7665
5511
4759
373
7031
119
1932
299
4384
7413
3109
328
3893
5673
2205
1103
5872
7052
766
7407
2244
8277
5111
2556
1028
3401
5466
1382
1504
5227
6492
964
6532
552
5650
811
1370
5345
6016
7024
425
4922
1676
4072
1928
1853
7853
4222
1254
228
2316
5516
4223
3003
2251
3932
6777
1405
3270
2417
1605
2654
4694
7425
1197
4778
6036
1828
3323
103
1168
3003
3427
4035
6834
7870
3761
7996
4260
1616
613
916
7035
6951
3180
555
3958
3924
857
5353
4440
2264
6381
7326
5264
3535
6483
7980
2492
3075
4070
4078
191
7156
3426
821
1382
5997
4031
7771
194
7553
2076
4324
7113
2575
7326
5931
5563
3197
370
5419
1791
7414
5046
1504
5439
2362
3754
6941
5945
7372
7235
5786
269
4778
6538
2785
6080
2444
2416
4100
5164
6835
6134
6205
7708
4096
2040
4588
2584
8055
7986
6502
7359
7462
936
7629
1799
1435
4516
3620
6552
5011
6228
2389
12
7514
2887
1672
5121
3324
3461
7294
4612
6690
1778
4280
389
6719
5616
3760
1714
1573
5424
6921
4298
3258
3201
6116
3230
1753
2567
4964
2823
8072
8283
2364
1966
8020
6674
7986
7222
4711
2991
5980
1868
3932
4170
6381
5582
8021
5866
3126
7850
1634
2141
2072
6193
802
6836
5981
1630
6323
2040
1399
6488
978
5217
3438
5366
159
4678
4345
7875
6132
3475
4565
7614
6749
5213
5017
1866
4194
4234
1183
7845
3724
3921
5278
5396
8294
192
5649
7617
748
1406
1995
5068
3407
4241
3271
4576
4804
6278
1386
8206
1107
6427
3260
5917
7610
1521
3767
1445
4397
3019
3186
8051
458
6734
4479
3318
5073
847
7378
2034
1612
499
5784
2330
7161
7863
5956
1917
3648
1986
1013
1152
3808
3144
1906
6123
1748
689
7300
975
1500
2336
6947
3167
4711
3567
5277
406
7403
3816
587
1067
2757
4929
2365
5456
369
3299
6436
878
4658
6644
578
6815
516
7894
2790
5485
6468
6804
3958
2926
4542
6542
6587
4800
8244
8007
4847
7137
652
6561
467
3461
3929
7747
1771
6019
2952
598
5708
1874
1600
4067
2291
1892
4861
7012
1729
3896
4459
6641
6415
6192
455
2106
6721
6930
3399
5125
691
6710
557
5298
7122
918
2339
3400
2233
7469
2864
7047
4580
1152
2487
732
5884
2999
2118
4861
5487
4005
6020
348
7511
5656
5048
117
8222
1353
3527
7465
8094
5796
3604
1594
1066
6500
6259
2375
8152
3356
1072
378
5423
408
4598
7024
4417
5352
2241
7124
4079
323
5899
3270
8179
1338
5016
7750
3903
6885
7146
1778
6673
5263
3022
1964
4144
2393
4085
3901
2095
553
7875
1835
618
566
830
1225
6648
6527
4598
372
2963
4144
6176
1147
2586
5915
4901
1696
1165
6514
1120
103
8009
2249
2613
4716
969
6215
920
5785
7685
6098
4653
4014
8157
24
8246
8138
3378
1531
2995
8015
6306
1681
6166
3930
3112
8236
240
2610
1049
1828
7420
2453
5767
4051
5860
5365
6864
6134
949
4129
2374
257
2682
941
3812
7184
34
908
879
2362
7756
3085
4718
6573
4373
7425
4396
5386
4103
1370
2087
3833
2640
4826
325
4277
1807
451
2649
2452
5080
4189
4272
7980
5644
1185
5075
2569
3471
2454
177
284
429
6027
6205
3066
3153
1171
3864
6906
382
3883
3051
6467
3779
7964
2616
632
5032
1309
1532
6444
7703
7434
2211
2083
77
963
4291
4382
6592
16
2941
255
4306
2698
8152
2804
2226
6445
2955
3675
2912
4782
4437
7883
5346
1724
2938
6458
1745
1563
4170
2381
4592
3250
1405
41
3070
309
168
2130
1626
985
566
1927
1144
1731
5694
2136
2896
7527
7251
6182
681
2901
6530
2587
4146
6129
1857
7956
2073
1833
818
3788
5287
7101
110
1484
4014
298
5860
5617
6182
6685
372
5166
6538
1799
5829
1813
2146
4319
174
6623
6877
7705
6611
3096
5609
6121
6391
1208
1976
3244
3521
3824
871
7834
294
8202
7084
4188
6458
4009
5463
2090
6296
3713
2827
3929
2537
5520
7116
5069
2855
6935
5213
6169
3052
3711
1042
3602
7590
3160
1929
3082
3352
4834
7087
7468
3760
3722
2072
5424
3652
4658
1305
7471
5284
7827
964
7297
1798
4168
7684
5626
5550
5558
1844
1390
3976
6666
1517
593
5798
1463
2143
5109
1138
2831
3056
5753
1793
3313
1613
4470
3891
237
701
56
7923
364
3887
4707
899
6440
968
5474
6909
2789
1352
2013
3292
4076
3094
7476
909
3144
2652
367
4935
6478
1238
139
6807
3647
6927
4551
1823
3209
517
1763
412
6790
4887
5002
4348
7279
2290
8084
4400
3990
7262
3522
2072
3705
4007
3551
867
3798
2091
1275
3402
3062
6855
5151
2346
917
3525
4689
1757
2770
3958
6632
4306
4717
1764
1754
2477
6331
7021
8255
556
744
369
2983
3199
2426
808
5595
2924
1334
1016
3513
5426
4223
7280
3208
6999
3311
6302
3545
3047
2416
4083
2785
870
2919
8121
5561
6690
1279
548
3044
3564
1990
2269
7831
836
5938
2688
6911
252
3402
738
3172
5190
5098
2442
5799
6717
8244
2042
6635
1072
3604
621
4046
8000
7178
5512
5770
2413
451
7424
2940
647
3509
6251
2361
179
6124
1975
6073
4947
5226
3039
7497
7084
970
770
1167
5252
6485
4266
2189
258
1201
8012
3018
4046
382
2738
4627
4318
5864
3446
942
1133
8158
7523
1212
995
3257
4915
3728
6100
3666
3284
3632
2010
3074
2299
3049
1564
1852
5629
5120
775
7781
3611
5396
1112
401
5710
5789
180
2250
4310
7161
3916
5162
8206
3970
2753
6325
8006
3497
6508
105
2811
3735
679
2293
6930
1338
602
359
2013
4422
3815
4837
5637
3970
5599
591
4754
2058
6548
4826
6697
7050
2209
1594
6934
4303
8000
944
986
5874
4544
5509
2066
240
7103
563
667
6984
8099
4489
6344
4922
544
2180
2559
5312
6883
341
3919
1828
188
7927
1705
495
3494
1449
4976
2042
4039
2571
6152
8172
1929
7819
7636
5194
1899
4058
7085
339
2538
4943
2206
4336
1248
1548
4603
857
8024
946
1242
4689
5263
4746
6624
167
3335
1523
2361
686
1925
469
2724
1379
3670
3704
6519
2858
1900
3277
6029
8242
2485
1039
5412
1213
3475
3181
1799
3297
6453
83
401
8083
6359
1226
2860
1186
2582
7319
7719
219
1195
273
5590
5536
5620
1589
5320
2460
5568
6191
6266
5294
6451
6177
6097
5733
7916
4995
5019
4072
2981
2097
7970
5969
2863
6776
1293
1733
4070
5787
7851
102
3191
6064
4106
2326
1480
5565
1175
3490
5288
6896
1103
7457
5400
2975
2598
5102
4597
6906
6681
3929
5603
5789
7927
4914
814
3893
5037
6517
4332
2096
5065
4176
5231
336
7939
7626
2988
3944
5192
2092
2232
4482
1603
6274
4483
3133
2380
3377
1020
6933
5793
1687
4174
2509
5778
1811
6414
3118
284
751
675
1835
7670
5542
4205
6560
5109
3762
3978
457
2891
4635
4752
3694
1387
7818
2181
6668
7333
1366
7579
6162
7836
4082
132
2789
7198
3518
1894
4328
4252
4947
1605
2040
5474
4650
7337
2236
3457
3150
1327
3554
7197
115
3093
6774
3787
516
6002
519
3031
3693
1190
2252
1609
4090
3970
5216
1594
951
1304
1970
6905
498
4248
4295
8093
7721
1096
5020
2167
5950
1396
5227
4365
3443
827
5766
4743
2287
3320
4617
8080
5466
2785
398
1994
162
4615
8053
6477
4273
5663
8041
4099
3671
1844
7978
3796
2035
2591
2587
3684
823
3055
6789
4351
4671
3556
1559
6170
2243
2480
3620
835
7972
3108
3356
394
706
7829
2859
3774
4383
4013
8061
4246
4796
716
6604
1185
5785
3363
3218
5552
3948
6044
6758
4977
5329
6050
4082
1721
3528
1979
3296
4105
3625
2201
2691
5750
1190
710
7354
6902
6609
2399
2549
7720
5848
659
7993
4636
117
1078
2913
2406
1237
2720
5534
3656
2754
333
7090
7257
1488
5488
6959
4578
4132
2130
3048
4329
1112
1729
2849
2988
413
5886
7632
3223
2416
3630
7755
5570
4821
145
7975
3493
8001
1990
4246
7955
7632
490
400
2086
5346
1947
3568
4074
4786
2221
2772
6063
4624
2884
3246
379
6501
3158
1633
4543
808
2256
3705
7044
4047
1494
6706
150
1218
7564
1930
2731
4511
3371
601
3864
6781
3694
4767
372
283
2992
2975
1707
1235
6648
5026
4139
2142
5666
6529
5978
1492
1628
6493
7797
4916
7625
7109
2448
57
1058
4065
6079
6091
4384
2957
6478
6324
663
2509
7485
875
6680
2253
1677
6292
2369
1781
2752
6323
6295
2611
2624
2485
1680
6791
1046
7146
7294
3107
1510
1995
2717
3350
4187
4327
5295
648
8264
4868
299
2864
1125
7599
822
5010
6188
3804
4398
5731
979
4849
774
228
2023
6651
871
1211
698
260
2447
7642
1623
8214
4149
1011
7060
3185
8
4093
6484
2239
5452
4828
2478
8115
7788
2290
1331
3215
3071
7563
715
100
4921
321
6049
5391
5782
6287
2344
4756
5663
2987
2613
7315
3118
7933
1524
1470
3362
3036
2217
6707
2488
2333
7265
753
4845
6962
815
3641
3315
914
2955
2473
1647
457
3680
4671
4249
4431
6148
530
8057
3648
1763
5427
3074
1797
3927
5752
2846
7878
2648
2929
9
7501
1925
1433
4411
2060
3564
4254
1828
1519
576
976
5868
2204
3944
3623
6923
5543
135
4600
6377
6845
4073
4263
6429
1608
920
5196
3718
7400
2192
6214
7668
7468
8095
3062
7142
1441
5207
7538
92
3270
3238
4322
909
34
2374
6843
1035
8020
6479
1470
1432
742
1637
7928
1302
1000
5568
6892
4625
1279
6445
1587
4066
2624
5351
4934
8
2393
2212
4275
2636
8219
2228
7441
7535
1922
568
3598
4631
6620
1223
6744
6165
1368
2328
164
3888
7238
444
2169
6487
6523
4175
4061
904
79
785
2283
4873
5949
6417
4584
2425
3813
7173
7534
5667
5614
4743
582
5461
5712
5828
7112
6709
3752
5591
987
4999
7316
2350
4220
7008
591
5583
285
5506
4187
7429
6225
7111
100
5603
6705
3653
696
3754
3195
5129
7769
6388
810
6452
3963
5267
6208
2739
2413
1167
2689
4567
1660
2434
1711
2928
3888
1234
2808
5872
6028
31
7884
4466
653
4705
2183
8090
2667
2050
5580
441
4702
4655
2209
3009
8110
697
2509
3830
4337
5986
4162
1361
1409
7952
1287
5792
5405
4803
2909
1447
7834
2281
848
3904
7980
2505
6791
2946
4980
2072
3753
3263
6495
3054
907
6444
2625
7832
5330
3278
1721
1239
4899
7506
2998
3133
7085
3247
82
988
4741
7121
1849
3854
4273
3513
2938
6407
7616
4450
5185
7493
4125
6982
7828
1448
128
5708
114
5052
4329
1052
1939
3135
1340
3640
2552
5278
7073
2543
2119
1051
7359
7115
1651
2024
4221
4100
6996
8131
1784
8153
5435
5663
3803
1109
214
2840
1761
5518
4608
315
7125
3003
7732
2879
511
467
928
4038
1340
5558
4162
7333
2661
5688
2632
3759
3459
8011
5667
7359
2608
4763
4947
498
6726
8109
6197
1031
1922
7240
2626
2614
3869
4884
6031
2693
4545
4793
1826
7830
7254
1838
6771
7188
5282
2991
1804
2667
2668
4745
7783
7467
1006
1603
7779
5710
5385
6255
6208
4594
3182
3394
4361
6660
6157
3160
2766
6359
3105
5064
3960
2200
963
921
1453
1606
6719
3665
7685
6571
27
3812
5487
2521
4733
2785
349
427
6264
5613
2694
960
2425
941
1474
1318
3290
3110
5429
1561
6656
4871
4399
6190
862
8033
1194
7637
7447
274
7686
4692
3521
635
7650
7752
5225
3839
3509
1485
4914
3362
2793
1390
2289
336
2883
6501
1547
2762
1597
1795
3013
2203
2538
8212
5662
1887
1197
3052
2371
3665
2510
595
5110
4218
2005
1978
1944
3066
823
5438
4093
7704
6526
4191
6730
6079
1397
7101
517
3070
4398
7245
1934
8173
4864
1620
2354
857
435
141
3098
6066
6544
1125
7630
2081
2904
3018
1647
2564
7294
7034
1590
2674
4829
2227
6698
2176
3394
5668
8051
6678
1455
449
5358
5645
4341
914
2711
1963
6126
6753
8147
6522
648
5362
7151
1716
5395
2938
2575
3920
7939
4106
6185
7966
7041
5747
6523
4653
3623
1731
5945
6777
2733
6220
2832
7741
2740
2912
2095
7857
2032
5873
955
5984
3352
4478
5463
8009
8108
1863
3317
588
3811
5889
1083
971
5242
3381
786
4346
4989
6947
5631
1427
8128
7429
3256
5771
917
4100
3011
3048
203
1245
4040
4594
2350
2985
8196
1270
2399
2856
3071
2435
6907
1302
2931
3761
1038
298
6592
7672
7335
6272
761
4450
2809
6712
4841
2049
6673
39
3893
2504
5062
7908
4801
2147
4135
915
6649
3024
1413
899
6223
338
5537
7151
5676
7600
7819
4116
1588
2695
1427
1826
5939
7619
5008
3786
1324
1236
8253
931
5859
2563
5360
309
2509
5153
2697
553
1836
5580
1449
7279
8297
7318
1767
4352
5214
7011
316
6088
3154
7670
226
4337
1884
50
4957
3600
1146
6592
6440
3447
5069
5397
8052
1685
7354
577
7160
5757
3479
7981
6934
8089
8063
7827
957
2013
3
1540
6397
5731
627
1554
5982
1981
688
5633
6072
5333
3999
5868
6436
5636
4402
2088
1183
707
261
2108
1523
7522
5381
6901
4686
4125
2440
1788
5022
3883
3912
3580
6910
5991
6393
2351
3729
2184
4048
827
3634
4425
1944
2273
3338
527
3388
4024
4042
402
751
5254
1199
1174
7969
3591
1062
6541
7056
974
7473
5746
6359
1575
7175
4311
156
3598
2051
3140
1713
1875
6182
3557
3843
7867
2531
3717
996
3031
1106
3472
7904
4778
3291
4490
2254
6912
497
3991
1664
1304
1612
2575
7455
366
895
5222
5091
2168
6480
1034
5752
2414
4503
7103
3590
1630
225
2723
4649
4045
6164
1617
721
234
3678
2452
4963
4681
647
643
2709
6573
7233
6045
7923
3391
6453
248
1445
2209
7250
4985
6696
2526
4436
6731
1182
1232
7379
5427
3377
663
5248
5542
4616
7441
5247
3351
1979
920
7144
5691
5590
4991
5814
4283
7108
2994
2219
5253
7883
6968
5675
2479
2390
6174
5280
908
5210
1437
3296
3632
4647
4169
6684
1169
6002
549
4646
2999
5565
6475
4759
707
3531
1412
1685
6045
7087
6487
2903
5890
856
3012
5936
6614
7590
2617
4887
815
11
8153
1440
231
1089
3920
6854
5590
3737
4306
7405
7185
6573
1623
6880
2494
6254
6668
6165
3516
798
1680
5927
3903
350
4398
4178
2679
5215
1259
1756
960
3695
4743
5892
859
3837
6975
3113
6718
2176
1864
7063
7170
5806
7660
2655
389
5891
1969
700
7240
4176
6676
807
3125
3552
4516
1875
1120
7380
2019
7730
2784
358
2420
3299
992
4242
6734
5167
31
6816
4946
3549
4531
5178
7467
3127
6965
1370
3673
923
2814
2861
3438
7727
4765
3129
2013
882
4313
1559
2034
1739
2298
7495
1733
1248
7001
6141
707
7405
3643
3848
4881
7877
1366
4672
4626
1281
7133
5722
814
7403
5842
8119
1758
7351
351
7569
1608
5424
1042
861
4508
7976
2023
910
4766
5510
5079
5601
8079
7505
350
1645
5
905
7557
5813
5174
5269
4352
2847
1247
3055
4737
3519
8291
3087
8053
2093
2241
1601
1267
4523
8053
1002
4243
8297
3374
1300
456
3246
6726
2839
2409
6986
2056
31
3341
6678
1887
2069
2137
8204
4694
882
33
1732
2593
2426
2419
775
5821
3246
2057
3615
2354
663
4563
5352
642
52
1781
1907
527
3822
2757
5365
3137
165
6462
6018
1155
5857
6152
5365
6112
1495
4212
8094
621
7298
6728
339
7707
2689
6565
7615
4810
33
2454
3847
376
7206
150
6780
3201
77
7773
4138
4071
2442
1828
1740
1167
124
6904
4151
7281
144
5722
7531
7873
3407
3565
4365
5530
745
6759
785
923
3053
4931
5772
7688
7581
2521
4681
5051
120
7287
2020
5387
7915
435
904
1105
1713
3898
2832
7550
98
4854
3455
6516
5119
3468
967
1610
8094
1880
6048
3731
7352
7964
3553
5852
8
4431
1062
1887
1888
33
2790
3369
6165
6254
787
7781
904
4508
4135
3549
6506
5070
146
4845
2610
2185
5477
871
6371
1798
5887
8150
4145
1541
1647
8081
64
5664
7022
365
5520
5062
570
1632
3142
1197
2224
5661
4839
5521
5812
667
4654
1978
3602
7981
4554
2212
7992
3061
1946
4406
6719
5566
1161
3596
6427
1294
7362
7416
115
821
1902
6266
3310
8135
3416
676
6279
6577
1631
403
7831
5595
4201
6050
50
6515
6241
2751
948
607
6652
5770
1563
1357
5627
7715
2460
7407
2776
6321
4612
7779
1086
239
8023
5792
5313
902
5840
5467
5276
5796
1471
5838
6938
793
1986
1905
192
3285
6196
6422
6947
7867
5102
3646
1007
2424
3512
3126
3897
7842
8263
5040
4733
2463
805
5116
3886
6725
4194
3493
256
5652
1897
365
6461
2691
2841
3438
2605
5836
2857
7901
5608
1059
7658
5176
6749
4725
614
2606
1597
6864
8149
2676
2096
3452
3580
5255
2120
2318
1129
8120
3465
6864
6344
4845
6412
7753
3268
8010
6111
7228
3933
2177
2709
6026
1963
2416
5228
6702
6483
5803
3748
3358
528
4701
5029
3075
7669
3980
966
973
4826
6615
4221
1258
5040
31
2298
6963
1896
5589
3301
3220
2034
5148
3208
7326
3873
4234
697
6286
5983
8091
4985
3939
4552
308
4414
5590
3386
2847
4040
92
2320
752
4820
1979
6288
6913
1147
6292
4886
6356
6119
5434
4289
8168
3678
4178
4311
541
7788
5579
3850
672
832
6447
6532
2402
267
917
493
2037
1614
8186
770
2822
4383
2241
6227
3041
1206
6492
5129
7214
7605
5532
1572
4317
6262
1406
7349
1856
5507
6600
1261
4480
4493
6876
7104
8114
1451
7137
1224
4088
2410
2581
6380
3714
164
1339
805
2405
7834
7357
4630
6858
4788
5440
284
116
6432
2729
7595
5863
4621
1556
577
1317
3160
1218
3923
280
6453
431
8292
2818
4252
62
5132
7465
236
823
5962
2506
5675
665
6859
3549
5460
881
2536
3228
6630
88
4593
7138
6943
7114
2071
1148
4709
6586
390
772
4835
6936
3754
2372
3876
6552
1527
8048
79
2667
3085
1549
865
1765
1772
6522
4360
1962
3477
2193
1274
4630
48
4128
1026
5329
1763
3215
7892
549
605
3791
6203
2241
1353
7142
6317
1191
2896
6440
6002
6481
1632
6067
8020
5254
4604
5471
6161
7187
4827
3775
1315
6349
2038
2540
2947
798
4540
5055
2870
2830
1123
6374
962
2546
6955
3506
5275
3656
584
4720
2077
4110
4423
935
1984
4358
1524
3695
3435
3693
3285
893
1349
5057
998
1518
5003
4668
6913
1721
1487
4591
3127
6028
1592
4129
4338
2593
4950
6869
5046
7699
1969
4881
3670
1637
1326
686
4875
1045
2414
6422
4142
3997
7802
7429
4254
77
1887
6135
2628
5994
1675
2619
874
7819
6241
5032
2853
3651
7217
6346
5166
4189
7377
4205
3371
3802
1170
7766
2274
134
2099
413
3446
6655
3265
2962
6855
319
75
4061
1774
4683
4284
257
4250
5921
5252
3314
2249
6444
4577
3839
3945
6685
5629
725
4202
650
8212
7104
5151
1742
5648
7360
2335
6166
3403
4297
7652
3708
237
6854
3719
1720
836
4338
1154
3673
5059
1160
5255
7197
187
5761
1646
4894
697
3693
4278
3151
1955
4
2614
5978
3809
4910
8119
862
869
971
4399
1444
65
4192
608
5228
3875
2346
284
984
7222
6873
951
3004
1985
2414
5470
8055
1691
3922
9
2567
3296
280
8128
1845
125
3978
2935
2258
6535
3480
5296
5332
770
6446
1317
4919
6067
3129
5902
3299
8058
1298
1890
1478
2410
8199
615
869
3829
5960
2272
1794
7734
5729
3127
7345
2233
225
6392
6032
4587
4639
6510
8066
6109
1000
5589
6375
3662
2333
4868
408
7495
1336
197
6772
1867
6066
6297
7337
297
5955
7170
5116
3772
1506
6410
6397
2981
3554
1841
2597
3847
2999
5702
7705
4921
329
1096
2058
2178
2514
444
7792
6227
5008
1861
1901
2088
7458
394
7064
5640
2228
4220
4810
2504
2709
3724
2333
7524
7144
1977
7010
2422
932
2414
1725
4298
3182
5668
7900
4462
4944
2782
8204
1318
7965
6844
3013
5750
4857
8168
1145
314
7019
2374
1485
2180
1579
94
3038
1228
4469
7087
7188
6634
2948
3952
7116
2389
1517
3204
7860
5947
7321
6612
381
3475
3405
3676
6080
2281
771
7372
1509
7676
5469
2760
7967
6571
3524
5072
2573
7498
829
438
7928
302
3440
6656
7842
5506
4089
6600
2413
2673
2411
4593
4067
1641
7863
2299
6483
39
404
5448
1315
931
2844
4361
5665
5347
1237
5809
3630
167
7770
2628
2524
7795
1956
857
3636
5505
6890
63
3602
1165
4664
2352
75
2661
4613
5783
2054
7492
1863
3843
6242
7703
7440
3090
5
3681
3060
7445
6813
5871
321
5016
3490
2003
1915
906
1642
3195
5770
310
1593
7913
4508
8047
2357
1803
1868
7509
7877
1395
5775
7799
534
2360
3621
3752
545
1962
343
8216
8035
6113
2388
7238
5456
2307
4438
3930
3086
2990
317
7779
5322
5093
686
2038
4477
1988
2135
4712
3073
2504
7772
7459
1537
3782
6819
4125
668
2012
3060
5271
4327
3532
4259
1930
6145
231
3728
2841
517
5178
197
6766
7818
8178
1816
269
2613
5072
4669
1273
1148
8209
5945
1729
2384
6079
571
266
5594
371
4881
5907
832
3060
2723
461
2373
3417
5144
8041
835
387
5855
1423
3704
4719
1997
7425
4340
6014
3319
3000
3667
575
1807
5840
25
365
3207
401
7459
4709
2434
7144
611
2097
7955
1503
1880
1351
158
2219
3146
5631
2206
3752
6691
2597
1111
5730
4602
6108
5993
669
3070
4788
3456
5720
2087
4481
4481
604
4364
2668
4090
6647
1277
4674
174
716
1172
5993
3743
2178
1642
7491
1327
2298
3293
6469
1001
5992
1880
6200
1836
1933
1205
4844
3514
1554
1807
6458
5986
3031
5496
3325
4600
5201
2985
4431
3865
7165
571
5806
6630
3463
3382
2311
7774
1533
565
1132
6698
6074
143
481
1354
6997
7935
618
7679
5667
5771
7454
5181
2787
1210
5702
2240
7430
1250
7441
2570
7031
1096
6866
4577
4728
7115
1339
6673
891
2870
6185
6877
2243
8233
4090
5916
1619
6469
4020
7747
3207
1754
6472
5243
7326
3781
7377
2682
2395
5370
9
7424
8104
848
2369
389
6217
6747
511
6553
6083
6294
2002
8000
1068
5384
1932
4364
1194
2623
6429
4490
4880
7317
3870
1385
2993
6975
8051
2050
868
8027
3036
1279
3568
5363
4766
3317
4897
463
1286
6398
3213
2857
1882
7015
5730
8009
5373
127
2648
4796
7219
7347
1074
2939
7251
1356
1104
7009
7550
1637
5048
6077
1636
760
6527
4992
6808
8107
293
7525
4916
4335
6802
15
7184
150
2429
2598
886
3229
6158
5197
2441
7444
7177
3717
7219
60
5550
2688
5404
890
869
558
3816
5914
4727
3076
2809
2530
960
4247
2242
3942
1410
1523
5193
2226
7836
7413
5246
6701
3002
4073
2204
8222
457
422
5028
2870
6202
3321
3393
6477
6340
948
8260
851
7944
4920
1857
4992
628
175
1377
5096
911
6230
568
6692
4652
5396
6139
6545
5572
5651
5488
3640
1350
2010
6961
905
1989
1497
1042
6884
1310
48
6677
296
1425
2055
1652
5925
885
6942
1812
1568
24
3632
2202
741
5614
2180
198
292
3258
5087
6219
3080
2785
242
3978
454
3536
5783
7162
7843
499
5294
6139
5312
3629
7233
3162
3700
3664
2229
4254
965
5375
3651
2423
5393
6190
208
2621
4019
895
3678
788
5824
5531
1282
2871
2330
437
531
1064
4116
2306
3675
4108
7904
1323
6832
5122
1717
7156
4750
960
5915
5607
5080
3282
4613
1103
5020
1765
5799
6472
6547
3269
1227
906
232
2751
2276
2475
4786
5931
5422
1335
6655
1775
2548
194
7186
6164
604
3305
207
7474
8252
6010
6295
1053
218
1318
3829
